wavelength transmission
2.5001837635066173 70.9425
2.5013901475745146 70.92118
2.502597070109506 70.89436
2.503805784792885 70.94551
2.5050150401103006 70.9436
2.5062260921694723 70.92525
2.50743768703918 70.94938
2.5086510832606246 70.93627
2.5098650244787137 70.95621
2.5110807716752097 70.95082
2.5122970660641175 70.94926
2.5135151710748698 70.9532
2.514733825483508 70.91592
2.515954295174274 70.95202
2.5171753164781596 70.98946
2.51839815774138 70.92513
2.519621552842763 70.91348
2.52084677259769 70.94776
2.5220725484256845 70.90567
2.5233001536185133 70.88783
2.524528317129228 70.95314
2.5257576767878827 70.94229
2.5269888729098957 70.90844
2.5282212699255435 70.97355
2.5294542297786577 70.93099
2.530689033233768 70.82335
2.531924401801211 70.78967
2.53316161875107 70.98061
2.534399403098252 71.0154
2.5356383976793833 70.85355
2.5368792478457456 71.03555
2.5381213130615277 71.09209
2.539363950275191 71.00025
2.540608450317767 70.9912
2.5418535246738987 70.79185
2.5431004667097974 70.85591
2.5443479853852646 71.07633
2.545596728602732 71.0922
2.5468473468090425 70.91695
2.54809919444392 70.91628
2.5493516234016207 71.08595
2.5506059346988765 70.87916
2.551860829676304 70.80044
2.553116960075123 70.93253
2.554374980203594 71.1681
2.5556335875677627 71.05595
2.556894089611467 71.00211
2.558155835690674 70.97184
2.5594181725856626 70.72062
2.560682411619967 70.36715
2.5619472438699646 70.55277
2.5632133262486114 70.75002
2.5644813182664925 70.92415
2.565750565427281 71.27435
2.567020410635987 71.08023
2.568292173026871 70.70347
2.5695645358981016 70.74171
2.5708388210030337 71.25967
2.572113709031694 70.96221
2.573389862130638 70.58014
2.5746679450751238 71.07545
2.575947298179037 70.81457
2.5772272591265413 70.90447
2.578509157575273 71.32285
2.5797916663441924 70.92006
2.581075451546245 70.66532
2.582361181946713 70.94551
2.5836475264029404 70.56377
2.584935821213431 71.21888
2.5862254014403723 70.84898
2.58751559948467 70.46039
2.5888077556538267 70.93747
2.5901005321620554 71.13464
2.591394600466555 70.97461
2.5926906347088163 70.55063
2.5939872930938463 69.89355
2.5952859226500986 69.76956
2.5965858531251604 71.45855
2.5978864115732723 71.29973
2.5991889490803293 71.1142
2.600492117128246 70.79693
2.601796592583111 70.65434
2.603103055027776 70.66417
2.6044101518865954 70.46913
2.605719241047791 70.98021
2.6070296468804415 71.40825
2.608340691027699 71.24273
2.6096530544553693 71.04825
2.6109674208707156 71.17623
2.6122824295271507 70.98261
2.6135994465441814 70.92343
2.614917108435121 70.89993
2.6162367840798852 70.29448
2.617557792404109 70.83199
2.6188794495743926 71.15752
2.62020244208108 70.72525
2.621527459189371 71.33621
2.622853129142469 71.2464
2.6241808291519195 70.97714
2.6255091846875054 70.64998
2.626839575754901 70.69588
2.6281713157703153 71.19321
2.629503715357275 70.57934
2.63083746659823 70.84085
2.6321732643844324 71.30586
2.633509725814769 70.93475
2.6348482393285355 71.21795
2.636188114165926 71.1702
2.637528656748856 71.0089
2.638870563398865 70.99265
2.6402145332721156 70.92807
2.641559175019937 70.87512
2.6429058855928327 71.04257
2.6442532708090836 70.97894
2.6456027304736662 70.82272
2.646953568199288 71.16766
2.6483050847457625 71.09334
2.6496579821476645 70.91126
2.6510129653091092 70.73335
2.6523686314971426 70.70746
2.6537263891328844 71.11354
2.655084832615487 70.94552
2.656445373255811 71.11562
2.6578073089700998 71.10383
2.6591699347865165 70.64553
2.6605339585233403 70.77316
2.6619000909038877 71.03178
2.663266917670696 70.867
2.664635858857436 70.25186
2.6660054973033356 70.24821
2.6673772559676565 71.08542
2.6687497147773747 70.98085
2.670124299626396 70.31061
2.671499587520464 71.18529
2.672877007297222 71.16635
2.6742551330321587 70.8567
2.6756353965157875 70.46829
2.677016368884289 70.46493
2.6783994848902113 71.11603
2.6797833127213337 71.37564
2.681169290101445 71.31322
2.682555982260794 70.83657
2.6839448299036546 70.84908
2.6853343952935758 71.03941
2.686726122124598 71.08425
2.688118569684366 71.18703
2.6895131846660094 71.16777
2.6909085233720207 71.1114
2.6923060355039783 70.73618
2.693704274369942 70.38255
2.69510469268934 70.92179
2.6965058407664766 71.3471
2.6979091743480637 71.22439
2.6993132407252944 71.02968
2.7007194986816434 70.88437
2.7021264924857915 71.12419
2.7035356839674924 71.24113
2.704945614363478 71.13396
2.7063577485593378 71.1688
2.7077706247503777 70.91842
2.7091857108876214 70.58959
2.7106015421154295 70.79655
2.7120195894598984 71.54229
2.7134383850048884 71.43674
2.714859402861245 71.20152
2.7162811720427302 71.02041
2.7177051697546593 70.79602
2.7191299219310605 70.54962
2.7205569088814756 70.12747
2.721984653450524 71.43729
2.7234146390617733 70.87994
2.7248453854607155 70.69823
2.726278379194788 71.57713
2.7277121369005988 71.38567
2.729148148259336 71.18989
2.7305849267889224 71.11321
2.732023965314224 71.077
2.7334637742246395 70.94386
2.7349058494986784 70.89603
2.736348698387333 71.22743
2.737793820032766 70.71429
2.7392397185376405 69.95321
2.7406878962178234 70.67142
2.7421368540176827 71.54477
2.7435880974368847 71.44077
2.745040124251496 71.12504
2.7464944431551177 71.0948
2.747949548745465 71.0659
2.749406952920255 71.06544
2.7508651470887595 70.97554
2.752325646363036 70.96719
2.753786938953776 70.74998
2.7552505431976444 70.23608
2.7567149440965775 71.35355
2.758181663222157 71.41084
2.759649182357342 71.25108
2.761119026318987 70.968
2.7625896736608073 70.7233
2.764062652455331 70.97626
2.7655364380167233 71.06673
2.7670125616836274 70.96769
2.768489495520307 71.23792
2.769968774142009 71.01643
2.771448866352699 70.94279
2.7729313100547603 71.31271
2.7744145707814196 71.21605
2.775900189732778 71.00131
2.7773866291608376 71.08746
2.778875433574039 71.17219
2.7803650619326317 70.97961
2.781857062064066 70.99879
2.78334988962626 71.21768
2.784845095776393 71.10294
2.786341132859432 70.70956
2.787839555373045 70.85236
2.7893388123385843 71.26168
2.790840461605012 71.15479
2.7923429488593556 71.07123
2.793847835312728 71.05812
2.795353563307071 71.04543
2.796861697426552 70.97704
2.7983706766572234 70.9723
2.799882068967255 70.93187
2.801394309975961 70.67965
2.8029089710465107 70.48119
2.8044244844205806 71.09824
2.8059424248673843 71.27633
2.807461221240016 71.17888
2.8089824517248276 71.09992
2.810504541775339 71.07464
2.81202907300618 70.9901
2.813554467460258 70.88148
2.8150823101916678 70.93324
2.8166110198216185 71.11153
2.8181421848549095 70.89583
2.8196742204799143 70.8287
2.8212087186634243 71.1519
2.822744091149794 71.21485
2.824281933379143 71.04665
2.825820653640575 70.96362
2.8273618508589244 70.88814
2.8289039298567613 70.97858
2.8304484930550697 70.92845
2.8319939417985593 70.81516
2.8335418820158496 70.78452
2.8350907115624073 70.8705
2.8366420398860237 70.9602
2.8381942613414948 71.0361
2.839748988907372 71.08161
2.8413046134263005 70.97594
2.8428627514192284 70.93795
2.84442179020512 70.92657
2.84598334985901 70.90294
2.847545814164604 70.8907
2.8491108067627633 70.86453
2.850676707890303 70.97097
2.8522451447657025 70.92358
2.853814494067205 70.81932
2.8553863866027553 70.91921
2.856959195480291 71.007
2.858534555109116 70.97606
2.8601108350150786 70.96774
2.861689673220795 70.95995
2.863269435658184 70.94739
2.8648517639751767 70.93339
2.8664350204978772 70.87663
2.8680208505115834 70.87971
2.8696076127246433 70.8736
2.8711969560718353 70.8811
2.8727872356317543 70.95388
2.8743801040008212 70.94549
2.8759739126158337 70.91177
2.87757031774707 70.90501
2.879167667177431 70.88967
2.8807676208633257 70.84361
2.8823685229216034 70.84667
2.883972037007129 70.8565
2.885576503558493 70.89059
2.887183589941399 70.85554
2.8887916329039145 70.85101
2.8904023035350197 70.87686
2.892013934879944 70.86074
2.893628201763435 70.84966
2.8952434335155117 70.87924
2.8968613087092394 70.91212
2.8984801529470006 70.89913
2.900101648562782 70.79073
2.901724117418847 70.88617
2.9033492456227656 70.91743
2.9049753512841443 70.87212
2.906604124296856 70.87448
2.908233879005256 70.84253
2.9098663091022945 70.83066
2.9114997251544263 70.86407
2.9131358246665116 70.87323
2.9147729144143972 70.88738
2.916412695727747 70.90048
2.9180534715790345 70.90912
2.9196969471356753 70.884
2.921341421553949 70.81503
2.9229886038520316 70.83273
2.9246367893571295 70.93346
2.926287690951245 70.89482
2.927939600119577 70.83588
2.9295942336210783 70.84661
2.9312498790859425 70.85181
2.9329082571632616 70.84763
2.9345676516151715 70.86528
2.9362297869941463 70.89036
2.9378929431811507 70.91106
2.939558848645348 70.8841
2.94122577937336 70.85785
2.942895467764406 70.86452
2.9445661858975307 70.86131
2.9462396701154363 70.80474
2.947914188576302 70.82501
2.949591481579801 70.86988
2.9512698133498922 70.83216
2.9529509281567705 70.82014
2.9546330862767634 70.86137
2.9563180359642 70.91377
2.9580040335343 70.88989
2.959692831239203 70.88675
2.9613826814194857 70.87978
2.9630753403388335 70.83658
2.9647690563495868 70.8371
2.9664655897407757 70.87001
2.9681631848628425 70.85392
2.969863606044029 70.85422
2.9715650936191587 70.86275
2.9732685319367693 70.85022
2.9749748094008015 70.82973
2.9766830463612433 70.84006
2.978392359113106 70.85552
2.9801045241860815 70.90102
2.981817769785181 70.88564
2.983533876535401 70.86656
2.98525106857062 70.86211
2.9869711306253253 70.80938
2.9886922827482216 70.76618
2.9904163137975415 70.75632
2.9921414397227117 70.78449
2.993869453520027 70.82932
2.9955985670254694 70.83871
2.9973305773877783 70.81748
2.9990636923152594 70.81601
3.0007997131235475 70.85793
3.002536843378971 70.87643
3.0042768885785804 70.83482
3.0060180481323613 70.84373
3.007762131733364 70.87239
3.0095073346208006 70.83636
3.011254563932699 70.83759
3.013004731020029 70.84592
3.0147569337148408 70.81248
3.016510265636911 70.77502
3.018266549155489 70.77734
3.0200239669102014 70.82057
3.021784345525327 70.8087
3.0235458634113157 70.81113
3.0253094362124093 70.83913
3.0270759838451005 70.8758
3.028844595738597 70.87763
3.030614357050618 70.83208
3.032387107260384 70.81234
3.0341610120019276 70.8457
3.035937915069637 70.8778
3.037715977808877 70.91599
3.039496124490467 70.92473
3.0412792837179032 70.90671
3.0430645363997684 70.93169
3.0448509591128277 70.92679
3.0466404086885306 70.89243
3.04843103351567 70.89631
3.0502237644153576 70.92883
3.052019536587458 70.92922
3.0538164918916593 70.92708
3.0556164981290466 70.9343
3.0574186275675816 70.89713
3.0592219480819445 70.8709
3.0610283341026716 70.87614
3.0628359165291457 70.91214
3.0646456350252222 70.93087
3.0664584336959626 70.91534
3.068273378248765 70.88756
3.0700895299508724 70.92487
3.0719087765969704 70.9402
3.073729235806364 70.93102
3.075552799860247 70.90815
3.0773775819197913 70.89556
3.0792045306183784 70.89384
3.0810345990942376 70.89404
3.082866844198692 70.91546
3.084700318279379 70.94334
3.08653692717347 70.96268
3.088374770572359 70.92604
3.0902148039212354 70.89761
3.092057987218669 70.93336
3.0939024133676383 70.938
3.095749999613031 70.94424
3.0975997938237576 70.9354
3.099450839300293 70.92206
3.1013050601823755 70.88355
3.1031605379763234 70.87801
3.105018237324617 70.91194
3.1068791274889205 70.95767
3.1087412830894423 70.92627
3.1106066398387218 70.89597
3.1124742364945073 70.91792
3.1143431071801184 70.93298
3.1162151946029644 70.92863
3.1180885618221863 70.91358
3.1199641828111813 70.9304
3.1218430362296132 70.96747
3.123723178150931 70.971
3.1256065630236365 70.94154
3.127492220363102 70.94292
3.129379174982992 70.97329
3.131268407944153 70.96183
3.1331609050448592 70.9552
3.135054708272187 70.94686
3.136951786305825 70.95671
3.13885017640338 70.96548
3.1407518520228486 70.98981
3.142655833303478 70.98405
3.1445611356142305 70.95293
3.146468749587026 70.92635
3.148379670660596 70.94749
3.150291921800933 70.93434
3.152207490905881 70.89906
3.154124396142884 70.89395
3.156044630258325 70.94167
3.1579672038789943 70.95969
3.1598911227914726 70.93689
3.161817387339704 70.93742
3.163747002745183 70.95695
3.165677972674501 70.93967
3.1676123045266444 70.92724
3.169549001702998 70.9406
3.1714870627113996 70.96586
3.173427495273973 70.99504
3.175371312044374 70.97668
3.1773165020287166 70.95131
3.179265087440917 70.93827
3.1812150523643905 70.97676
3.183168423987848 70.98715
3.1851241959552112 70.94581
3.187081356944507 70.92812
3.189040924643282 70.93227
3.19100392174382 70.97298
3.192968317452573 70.97156
3.1949361539933663 70.94412
3.196905395577081 70.91837
3.198878089476459 70.92891
3.2008532194341726 70.90961
3.2028297641532246 70.93662
3.204808751435354 70.98812
3.206791214161703 70.96169
3.2087751014454247 70.95217
3.210762475818945 70.98816
3.2127512813255295 70.98282
3.2147435856221236 70.97975
3.216737327663298 70.99021
3.2187345802496514 70.97668
3.22073327722816 70.93646
3.222735496562308 70.91412
3.2247391669724794 70.91328
3.226746371604374 70.92039
3.2287550340326923 70.91895
3.2307672426047738 70.94164
3.2327809157304537 70.9381
3.2347981469782296 70.93194
3.236816849573792 70.93224
3.2388391223264192 70.91938
3.240862873258279 70.92597
3.2428902064391476 70.93575
3.244919024668199 70.92767
3.2469514372955235 70.93046
3.2489853418777317 70.94389
3.2510228530651455 70.93674
3.2530618631521455 70.93188
3.255104492109301 70.96284
3.257148626948996 70.96706
3.259196392982168 70.95583
3.2612456719193372 70.95786
3.2632985944320296 70.95362
3.265353036908938 70.97005
3.2674111354024977 70.97242
3.269470760959511 70.93597
3.271534055033746 70.90034
3.2735988833099485 70.94052
3.2756673926637494 70.94946
3.2777374433975717 70.93368
3.2798111878295386 70.94724
3.281886480859382 70.93998
3.2839654802684577 70.89905
3.2860460355333303 70.92871
3.288130309919434 70.95682
3.2902161474595912 70.93189
3.292305716924262 70.9115
3.2943968568818467 70.92509
3.296491741628889 70.94461
3.2985882042485817 70.91618
3.3006884245847155 70.91768
3.3027902302143874 70.92683
3.3048958065499074 70.93065
3.3070029756412778 70.93671
3.30911392849071 70.94196
3.311226481600011 70.93655
3.3133428315827844 70.92321
3.3154607893714285 70.8875
3.3175825572125404 70.9168
3.319705940447795 70.94159
3.3218331469784936 70.93798
3.323961976534158 70.91127
3.3260946426926203 70.89655
3.3282289395497107 70.91415
3.330367086381729 70.94071
3.332506871629169 70.92989
3.3346505202888475 70.96152
3.3367958151241606 70.966
3.3389449868746075 70.93167
3.3410958126046175 70.91197
3.3432505288186523 70.92469
3.345406906860192 70.9451
3.3475671890210505 70.97539
3.3497291409016667 70.94082
3.3518950106037195 70.91345
3.354062557962394 70.94807
3.3562340369118617 70.98549
3.3584072014997304 70.97431
3.360584311515412 70.94798
3.3627631151964947 70.92985
3.364945878210495 70.90997
3.367130342962428 70.90679
3.3693187810208967 70.92167
3.3715089289356723 70.92705
3.3737030641995456 70.92221
3.3758989174842533 70.90591
3.3780987722300013 70.88685
3.3803003532075837 70.84801
3.382505949827966 70.81303
3.3847132809379716 70.83821
3.386924641942794 70.83453
3.3891377457421417 70.79692
3.3913548937590257 70.79803
3.39357379292277 70.79177
3.3957967506979214 70.77572
3.3980214680200307 70.77224
3.4002502584190197 70.79121
3.402480816813154 70.78588
3.4047154628216987 70.74665
3.4069518853219996 70.72356
3.4091924100467534 70.73962
3.411434719808632 70.74017
3.4136811464779857 70.71355
3.4159293667789257 70.64224
3.418181718743804 70.60036
3.4204358729841666 70.60877
3.4226941737188428 70.59905
3.4249542854226753 70.5949
3.427218558525583 70.6274
3.429484651341443 70.66265
3.431754920535999 70.69363
3.434027018237774 70.701
3.4363033073732074 70.72048
3.4385814338609495 70.74257
3.440863766913136 70.76604
3.443147946213897 70.79305
3.4454363472862024 70.80592
3.447726603554882 70.79366
3.4500210968790075 70.77865
3.4523174543992017 70.7881
3.454618064336043 70.80841
3.456920547520904 70.8072
3.459227298561411 70.80483
3.4615359319545114 70.77514
3.4638488487205583 70.76678
3.466163656996763 70.76296
3.468482764242024 70.7818
3.470803772208372 70.78755
3.473129094819203 70.79418
3.4754563274157895 70.82544
3.477787890412121 70.83862
3.4801213727129943 70.81698
3.482459201249228 70.8027
3.484798958463287 70.79971
3.4871430778291974 70.79926
3.489489135301103 70.79234
3.491839570922753 70.80818
3.494191954133839 70.80553
3.496548731574499 70.75388
3.4989074661436965 70.72057
3.50127061110477 70.70382
3.503635722789539 70.70137
3.506005261111495 70.7209
3.50837677580876 70.70576
3.5107527334720783 70.71281
3.5131306772191744 70.7796
3.515513080345294 70.80196
3.5178974793209195 70.77368
3.520286354173194 70.79827
3.522677234698371 70.83766
3.525072607683037 70.81117
3.5274699962220795 70.78311
3.529871893889227 70.80347
3.5322758170507194 70.83184
3.5346842660952733 70.84776
3.5370947506330515 70.83756
3.5395097778957614 70.82757
3.5419268507099084 70.84447
3.5443484831783447 70.85285
3.546772171316189 70.83844
3.5492004361257496 70.84643
3.5516307667828757 70.87067
3.5540656912177973 70.86014
3.556502691739062 70.86582
3.558944303233443 70.85706
3.561388001114002 70.82175
3.5638363272528344 70.79426
3.5662867501391746 70.81499
3.5687418186593804 70.84406
3.5711989943503637 70.82962
3.5736608331418447 70.80695
3.5761247895897577 70.83215
3.5785934266964503 70.87865
3.5810641920080672 70.88219
3.5835396556290062 70.84926
3.5860172580666565 70.80024
3.58849957655705 70.78564
3.5909840445396934 70.82121
3.5934732464120067 70.81458
3.595964608516323 70.7871
3.5984607224413687 70.78957
3.6009590074028517 70.79882
3.6034620622108897 70.79369
3.6059672989249525 70.80527
3.6084773236068033 70.81761
3.6109895411298933 70.8121
3.6135065648380515 70.80058
3.6160257923887715 70.78391
3.6185498444385424 70.77439
3.6210761113987853 70.77502
3.6236072212694146 70.75841
3.6261405571855057 70.76818
3.6286787545213337 70.77834
3.6312191891051806 70.77652
3.6337645037167956 70.78965
3.6363120668470517 70.78991
3.6388645287124604 70.78892
3.6414192504356957 70.81446
3.6439788897014957 70.82584
3.646540800233379 70.81821
3.6491076472159496 70.78998
3.6516767769424368 70.76683
3.6542508621291345 70.77357
3.6568272416076733 70.76082
3.659408595658039 70.77932
3.6619922556187783 70.78146
3.664580909365753 70.78713
3.667171880712766 70.79469
3.669766518444797 70.76865
3.672366178976438 70.76943
3.6749695253152113 70.79525
3.6775752128488595 70.81678
3.6801859524358047 70.80682
3.682799045123864 70.76235
3.68541720949791 70.76928
3.688037738952575 70.77984
3.690663359832296 70.782
3.693291357845954 70.78471
3.69592446713085 70.79658
3.698559965677364 70.79171
3.7012005954491514 70.78423
3.703843626685156 70.76504
3.706491809209075 70.75499
3.7091424054752875 70.743
3.711798173201411 70.73368
3.714456367023948 70.74866
3.7171197525885096 70.77154
3.7197855766802177 70.77416
3.7224566129069476 70.76763
3.7251301001687485 70.73923
3.7278074304148827 70.74677
3.730490003592462 70.75689
3.7331764403714653 70.78423
3.735865353435278 70.78995
3.7385595404861696 70.76853
3.741256216564861 70.75999
3.7439581874749623 70.75684
3.7466626602353954 70.75572
3.7493710430075353 70.75056
3.75208475209038 70.73446
3.7548023922597 70.71278
3.757522560165451 70.7286
3.7602480861277305 70.75761
3.7629761528912264 70.7321
3.7657095990197105 70.73851
3.7684455990961756 70.75327
3.771185577779571 70.75244
3.773930968009519 70.75238
3.7766803583918596 70.77981
3.7794323292641443 70.77775
3.7821897441386456 70.76493
3.7849497528995553 70.79131
3.787713792770391 70.78303
3.7904833093648436 70.75224
3.79325544009729 70.74651
3.7960330695216884 70.74001
3.798814769791825 70.73889
3.8015991046473787 70.75669
3.804388971380723 70.78985
3.8071814864378677 70.80404
3.809978104055836 70.74728
3.8127802870108494 70.73869
3.8155851390590003 70.81208
3.818395578908863 70.82385
3.821210161973456 70.78451
3.8240274351024306 70.77325
3.82685032997017 70.77609
3.829675928993213 70.78891
3.8325057037266133 70.78655
3.835341134417201 70.74548
3.838180763728885 70.71106
3.841023125647933 70.74368
3.843871178038888 70.76639
3.846721977399739 70.77213
3.8495770084783083 70.77888
3.852437764831018 70.77719
3.8553012898681525 70.79658
3.8581705635475414 70.78866
3.8610441112706577 70.77044
3.8639204496057835 70.76308
3.8668025718877264 70.74582
3.869687499516289 70.75554
3.8725767351080056 70.76918
3.875471790247065 70.75408
3.878369673010775 70.72298
3.8812733992270054 70.70394
3.8841814767269556 70.70742
3.887092404349345 70.69742
3.8900092115418126 70.70776
3.8929288839751472 70.73314
3.8958529424598107 70.76211
3.8987829169368204 70.77628
3.9017157795140416 70.7639
3.904654582541665 70.73886
3.907597815965428 70.74828
3.91054396057546 70.73835
3.9134960825904206 70.72974
3.916451131306074 70.77805
3.9194106460599736 70.79001
3.9223761754871105 70.76832
3.925344655074077 70.77599
3.9283191743615897 70.80017
3.9312982050871788 70.79013
3.9342802096656606 70.74324
3.9372667415534797 70.76737
3.9402593636323515 70.77647
3.9432549834856476 70.76009
3.946256718995346 70.75398
3.949261468359109 70.76846
3.9522723589928033 70.75914
3.9552878440952104 70.75047
3.958306367371206 70.74303
3.961329501407262 70.75864
3.964358828389249 70.77821
3.9673912181001914 70.79013
3.970429826821762 70.79063
3.9734730936269465 70.78745
3.9765194479636636 70.76823
3.979572060698025 70.73769
3.9826277776339603 70.72191
3.9856881908443165 70.74393
3.988754902179775 70.75463
3.9918247429264864 70.7591
3.994900908480416 70.79533
3.9979818187778804 70.78238
4.001065883951485 70.77642
4.004154710928059 70.77969
4.0072499165490205 70.79784
4.010348302760443 70.80968
4.0134530947736815 70.79695
4.016561084664287 70.80443
4.019675507674967 70.78522
4.022794764252159 70.79594
4.025917244855481 70.83243
4.029044576543385 70.83739
4.032178396475231 70.83742
4.035315466839593 70.82267
4.038459053255967 70.82922
4.041605907857852 70.84837
4.044759306485569 70.85731
4.047917629733736 70.84453
4.051079248022465 70.83746
4.054245808923395 70.83842
4.057418970300099 70.84267
4.060595453838541 70.8427
4.063778566331432 70.85598
4.066965019220477 70.84673
4.070158129713497 70.84367
4.07335459895991 70.86362
4.076557754631988 70.87201
4.079764287538524 70.84866
4.082977535865895 70.83884
4.08619418003363 70.84998
4.089417568792182 70.84405
4.092644372122871 70.8667
4.0958779493905135 70.89384
4.099114960088968 70.86665
4.102358774248017 70.88297
4.1056060408245045 70.93151
4.108860140564105 70.93703
4.112117711836772 70.91226
4.115382146155328 70.88033
4.118650071252646 70.87579
4.12192488946028 70.8614
4.125203217823517 70.88296
4.128488469544553 70.92786
4.131777250930269 70.9111
4.135072986105741 70.9351
4.138372270588298 70.93214
4.14167853947848 70.9067
4.144988377452589 70.90537
4.148305230639548 70.9202
4.151625672822836 70.90888
4.1549531612130135 70.92384
4.1582842586486075 70.9567
4.161622433475425 70.9687
4.164964237534574 70.96845
4.168313150361059 70.94428
4.171665712745774 70.92069
4.175025415467216 70.94129
4.178388788212932 70.95338
4.181759333059567 70.94453
4.18513356853784 70.94215
4.188515008077551 70.96452
4.191900158998774 70.95554
4.195292546139828 70.95274
4.198688665555974 71.0002
4.202092053549781 70.99597
4.205499194857179 71.00107
4.208913637301077 71.06686
4.212331854243208 71.07889
4.215757405083276 71.07516
4.2191867517535995 71.18691
4.222623465287501 71.31078
4.226063996132306 71.36987
4.229511927012158 71.43123
4.232963696833447 71.53802
4.236422900068715 71.5974
4.239885964027112 71.61311
4.243356494987535 71.66647
4.246830908605226 71.69867
4.2503128230237746 71.71055
4.253798642187474 71.66492
4.257291996163328 71.36607
4.260789277127273 71.1025
4.264294127128842 71.17415
4.267802926517822 71.3065
4.27131932938578 71.32822
4.274839704198192 71.37512
4.278367717148553 71.45498
4.281899724759486 71.38499
4.285439405386711 71.32357
4.288983103551064 71.43004
4.292534509831191 71.43157
4.296089956686822 71.48244
4.299653146980633 71.43668
4.303220401051536 71.38126
4.3067954341077535 71.31717
4.310374554307272 71.18994
4.313961489265785 71.23331
4.317552534899857 71.27246
4.321151431294989 71.17336
4.324754462065417 71.21088
4.328365379829211 71.21131
4.331980455836976 71.10706
4.33560345530253 71.10561
4.339230637051128 71.08737
4.342865778955949 71.01696
4.3465051273547735 71.00864
4.350152472844173 71.01945
4.353804049211917 71.01979
4.357463659842443 71.00152
4.361127525910549 71.00259
4.364799463653442 71.01525
4.368475681569575 70.99447
4.372160008814275 70.92918
4.375848641145842 70.92062
4.379545420703512 70.95298
4.383246530441209 70.95965
4.3869558255483145 70.96281
4.390669476109709 70.97601
4.394391350431617 70.97553
4.398117605664776 70.9771
4.401852123299399 70.945
4.405591047486545 70.92218
4.409338272968022 70.91515
4.413089930829229 70.94077
4.416849929131643 70.96172
4.420614385828571 70.93241
4.4243872223697025 70.94485
4.428164543509373 70.9498
4.431950284154492 70.91441
4.4357405357931 70.90501
4.439539246858804 70.93114
4.443342495505559 70.93799
4.447154243763644 70.93674
4.450970556384672 70.92899
4.454795409066043 70.90453
4.458624853088311 70.89478
4.462462877886934 70.8807
4.466305521202222 70.89819
4.470156786279122 70.90174
4.4740126972480345 70.87511
4.477877271235325 70.89421
4.481746518691348 70.92017
4.485624470696312 70.88959
4.489507123949903 70.85807
4.493398523559113 70.8359
4.497294652401847 70.83985
4.501199569685321 70.85358
4.505109244394067 70.84186
4.509027749909481 70.84357
4.51295104125063 70.83561
4.516883206047565 70.81545
4.520820185281295 70.83504
4.524766080905533 70.87931
4.528716819790131 70.89777
4.532676518287989 70.86695
4.536641089084206 70.84554
4.540614663006932 70.84615
4.544593138482388 70.85592
4.548580660890576 70.8506
4.5525731143242165 70.85854
4.556574658792298 70.85223
4.560581163978888 70.84315
4.5645968045996534 70.82909
4.568617435854327 70.78107
4.572647247243494 70.75937
4.576682079406349 70.7763
4.580726136707191 70.81668
4.584775245147933 70.835
4.588833624035943 70.86724
4.592897084658575 70.8615
4.596969861346195 70.80296
4.601047750593765 70.77174
4.605135001835146 70.80146
4.609227396694538 70.8366
4.61332919979037 70.83588
4.61743617779715 70.80965
4.62155261059953 70.79575
4.6256742498428425 70.79727
4.629805390760205 70.83701
4.63394176988772 70.83469
4.638087697889809 70.80112
4.642238896112729 70.80382
4.646399690735636 70.79404
4.650565787833749 70.77505
4.654741529184996 70.77637
4.658922605511785 70.77827
4.663113374275469 70.7933
4.667309510763283 70.80254
4.671515388205266 70.797
4.6757266663705375 70.78884
4.6799477343437035 70.78369
4.6841742362922325 70.80208
4.6884105772417985 70.82973
4.692652385674083 70.7999
4.696904082642967 70.77694
4.701161280859598 70.79131
4.705428417493842 70.78107
4.709701089400959 70.77384
4.713983749955217 70.77229
4.718271980070019 70.78412
4.722570249413103 70.75339
4.72687412286942 70.76031
4.731188086489903 70.81477
4.735507689043835 70.83963
4.739837433055721 70.79245
4.744172851091325 70.74377
4.7485184622397805 70.74842
4.752869782774839 70.75058
4.757231348441983 70.71944
4.761598659133817 70.74536
4.765976267344579 70.74396
4.770359656495943 70.7168
4.774753395923984 70.75307
4.7791529524890075 70.72739
4.7835629124627115 70.69532
4.787978726052925 70.72159
4.792404996561449 70.73968
4.796837157451863 70.75001
4.801279829151259 70.74138
4.805728428286518 70.73913
4.810187592505921 70.69913
4.8146527215065245 70.67739
4.8191284702544115 70.67999
4.823610221423004 70.67424
4.828102647393525 70.67435
4.832601113721253 70.6704
4.837110310300626 70.6385
4.841625585473574 70.63023
4.84615164674656 70.66469
4.850683825152251 70.68142
4.855226845908694 70.65977
4.859776022642668 70.6415
4.864336098384117 70.63783
4.868902369256581 70.62035
4.873479596202975 70.63621
4.878063057745535 70.64815
4.882657532841975 70.62397
4.887258282314429 70.58785
4.891870103238027 70.57085
4.896488238635251 70.58798
4.901117503802041 70.6106
4.905753123860945 70.59897
4.910399932432897 70.54302
4.91505313663946 70.51038
4.919717588531548 70.52663
4.924388477127939 70.53897
4.9290706730153095 70.54458
4.933759347007082 70.52921
4.938459388332297 70.51225
4.943165949495674 70.52807
4.947883938476032 70.50124
4.952608489365264 70.5016
4.957344529000218 70.5728
4.962087172955037 70.58508
4.966841367033683 70.54585
4.971602208186837 70.53503
4.9763746612955 70.4937
4.981153804580369 70.48194
4.985944622110272 70.48621
4.990742173268586 70.48293
4.995551461423602 70.46957
5.000367527013235 70.47696
5.005195392817744 70.4791
5.010030080220601 70.45901
5.014874116629924 70.4045
5.0197300489574275 70.4285
5.024595394455861 70.50533
5.029467650967016 70.50111
5.034349365722323 70.46732
5.039243105685526 70.4244
5.044146369021678 70.43298
5.049056634258456 70.44759
5.0539790229546675 70.48701
5.0589084595573155 70.50776
5.063850085730982 70.47256
5.068798806196504 70.47018
5.073759782843082 70.46993
5.078727900550382 70.41423
5.083708341551995 70.4669
5.088695970770529 70.52352
5.093695990904697 70.46478
5.098703246803241 70.4671
5.1037229617516795 70.46004
5.108749960407188 70.43318
5.1137894867647455 70.41418
5.118836345171325 70.43047
5.123893175025529 70.43336
5.128962636532985 70.40307
5.13404213919107 70.36549
5.139129071796203 70.40095
5.144226094909943 70.39807
5.1493358901502475 70.476
5.154455846673494 70.49767
5.159583332688385 70.42567
5.164721030175915 70.4292
5.169871642426862 70.41346
5.175032538017082 70.39091
5.180201064324111 70.41042
5.185379925009035 70.42567
5.190571845300197 70.43526
5.1957741729496565 70.36806
5.200984234256492 70.43822
5.2062047548268024 70.51183
5.211438482095582 70.4157
5.216682742743985 70.55909
5.221934841741431 70.54432
5.227197526908306 70.45547
5.2324735681597705 70.38437
5.2377575274432315 70.42615
5.243054918378742 70.44815
5.248360281039197 70.43285
5.253679151509802 70.41559
5.259006047856955 70.39478
5.264346528768865 70.41689
5.269695090172387 70.37815
5.275057313497712 70.34257
5.280427672398043 70.43953
5.285811771185665 70.36865
5.291204061104941 70.32644
5.296610169491525 70.51945
5.302024525044644 70.43606
5.307452778265769 70.35835
5.312889335171593 70.37688
5.318339869573033 70.36171
5.323798764665735 70.34481
5.329271717714872 70.34366
5.334755934915977 70.32475
5.340248599252792 70.29004
5.345752585740526 70.15685
5.351270793031575 70.23656
5.356800404545567 70.48012
5.36233858020289 70.43079
5.367888219095726 70.31068
5.373452244249196 70.24522
5.379024922636174 70.25392
5.384612071007957 70.30914
5.390207932661211 70.33606
5.395818348696127 70.31219
5.401437538586519 70.26459
5.407071367934985 70.1987
5.4127140322446206 70.21831
5.418371421775243 70.1387
5.424037707910146 70.3207
5.42971880572249 70.47706
5.435408862325442 70.30858
5.441113817762951 70.23489
5.44682779472649 70.26075
5.452556758389576 70.23999
5.458294806869155 70.10009
5.464047930628448 70.12556
5.469810203055764 70.3807
5.475587640065532 70.18211
5.481374290162029 70.23472
5.487176194873769 70.34907
5.4929873776643054 70.25939
5.49881390584051 70.26281
5.504649777667195 70.28501
5.510501086395289 70.27438
5.516361804931517 70.1747
5.522238052637974 70.21974
5.528123776902614 70.27132
5.534025123367255 70.27455
5.539936013739042 70.25694
5.545862620109521 70.14906
5.551798838341611 70.12434
5.557750867148078 70.35625
5.563712576382819 70.35512
5.569690191552786 70.24434
5.575677556336646 70.09085
5.581680923210024 70.37893
5.587694109508747 70.5387
5.593723394853104 70.36275
5.599762570067029 70.27966
5.605817942093021 70.35824
5.611883275072632 70.28452
5.617964903449655 70.34008
5.624056564511303 70.36091
5.6301646203833355 70.26366
5.636282781325192 70.09721
5.6424174373268485 70.19211
5.648562271445049 70.51637
5.654723701717849 70.37268
5.660895383822859 70.43272
5.667083764031699 70.25774
5.673282470464891 70.10023
5.679497977814744 70.36784
5.685723886465191 70.32614
5.69196669971802 70.28075
5.698219990039512 70.36336
5.704490289531405 70.111
5.710771142559693 70.14007
5.717069110218232 70.35713
5.723377708588501 70.54202
5.729703527950353 70.37289
5.736040055914918 70.2319
5.742393912143671 70.17971
5.74875855558992 70.23014
5.75514063549414 70.35382
5.761533581962713 69.89819
5.767944074014258 70.0368
5.774365512717464 70.42825
5.780804607070039 70.40584
5.78725472891052 70.46027
5.793722617418479 70.36339
5.800201615008138 70.29878
5.806698491245531 70.27505
5.813206558924697 69.97153
5.819732618204589 69.69653
5.826269952061451 70.53644
5.832825391455494 70.64244
5.839392189345796 70.475
5.845977207704063 70.3265
5.852573669271061 70.27785
5.859188467242157 70.10732
5.86581479393686 70.39973
5.8724595739882925 70.22974
5.87911596908996 69.73936
5.885790935528812 70.4481
5.892477604165746 70.39682
5.899182963159602 70.70308
5.90590011233022 70.54028
5.9126360719284 70.19315
5.919383910522592 70.14964
5.926150680677667 70.12364
5.932929419498454 69.69736
5.939727212088058 70.33801
5.946537063873539 70.53929
5.9533660927224865 70.3621
5.9602072721680965 70.17033
5.967067753070802 69.92211
5.973940476851877 70.29441
5.980832627595083 70.13131
5.98773711438973 70.04507
5.994661154775557 70.47102
6.001597625287852 70.34933
6.008553777157161 69.99809
6.015522454140664 70.17361
6.022510941396753 70.25959
6.029512049678356 70.10633
6.036533098310978 69.86153
6.043566864815078 69.41444
6.05062070292481 70.50003
6.0576873566978335 70.51506
6.064774214520768 69.85976
6.071873986756027 69.90665
6.078994096688833 70.39072
6.086127220751746 70.27685
6.093280817377061 70.15585
6.100447528830715 70.0279
6.107634848942921 69.6996
6.114835385574003 70.2336
6.122056668205343 70.39058
6.1292912700504445 70.09408
6.13654675649753 69.88891
6.1438156658698135 69.97445
6.151105599720494 69.97388
6.158409061236757 69.87287
6.165733688397384 70.18025
6.173071949005487 69.98447
6.180431517728567 69.72192
6.1878048267352765 70.08527
6.195199587647515 70.16993
6.202608196746732 69.96907
6.210038402877483 69.86485
6.217482566178885 69.93088
6.2249484729890145 70.07937
6.2324284470471065 70.02671
6.23993031245827 69.97441
6.247446356301862 69.96968
6.254984440726204 69.92108
6.262536815888306 69.90837
6.2701113822585945 69.9504
6.27770035280676 69.95532
6.285311666606956 69.94058
6.292937499174052 69.98922
6.30058582847033 70.01052
6.308248792285768 69.95534
6.315934407757989 69.95499
6.323634774679408 69.92282
6.331357949653041 69.81638
6.33909599419846 69.56014
6.346857004676998 69.92622
6.354633004057433 70.04729
6.362432128755267 69.65792
6.370246362907839 69.56754
6.378083883283617 69.98679
6.385936634905146 69.82825
6.393812835195638 69.81752
6.401704389776733 69.54147
6.409619557031193 68.62497
6.417550202890849 69.54043
6.425504627005882 69.91437
6.433474655326596 69.82314
6.441468629081556 69.93191
6.449478333944959 69.88174
6.457512153037872 70.05717
6.465561831460907 69.73895
6.473635794544926 69.37662
6.481725746516558 69.3044
6.489840155236977 69.21057
6.497970683755463 70.17532
6.506125842787276 70.10168
6.514297253897992 69.70142
6.522493470984036 69.85226
6.530706073817876 70.09081
6.538943659807534 69.86466
6.547197766619897 69.83355
6.555477035508397 69.96861
6.563772961718764 69.70952
6.57209423068708 69.42245
6.5804322949191825 69.83511
6.588795884374538 69.72398
6.597176408497163 70.03987
6.605582642114156 69.93738
6.6140059512825555 69.76693
6.622455156044912 69.57872
6.630921578742857 69.06621
6.6394140849858285 70.04004
6.647923953068316 70.21494
6.6564600945217345 69.97805
6.665013743258338 69.82492
6.673593857090326 69.85674
6.682191625209235 69.94621
6.690816052070606 70.10139
6.6994582818033335 69.79477
6.70812736587267 69.46132
6.716814402999461 69.86185
6.725528492028903 70.06052
6.734260685924856 70.00912
6.743020131286602 69.82243
6.751797834968507 69.85641
6.7606029917020365 69.91438
6.769426561875943 69.74604
6.778277788735994 69.63624
6.78714758584554 69.55873
6.796045245350825 70.17198
6.804961633626308 70.08219
6.81390609210902 69.80389
6.822869439617264 69.78188
6.831861067273336 70.08211
6.840871745968333 69.92931
6.8499109169085255 69.58546
6.858969302682886 69.22108
6.868056394984671 70.12592
6.877162867721899 70.15714
6.886298263482166 69.9896
6.895453207109764 69.9669
6.904637292498387 69.91405
6.913841095041808 70.07349
6.923074260356054 70.01962
6.932327313993526 69.93355
6.941609953713345 69.96111
6.950912654831579 69.85497
6.960245167675787 69.79214
6.969597916926574 70.07703
6.97898070590994 69.98085
6.988383908267678 69.95296
6.997817380758941 70.05753
7.007271445579078 70.03954
7.016756013359903 69.80123
7.026261354438349 69.9013
7.035797433763244 69.90705
7.045354469396742 69.94472
7.054942481053953 70.23547
7.064551634101439 70.19885
7.074192003474843 70.02425
7.083853701419817 69.94341
7.093546858551838 69.97083
7.103261533565751 69.97648
7.1130079132213035 69.96058
7.122776002228004 70.02399
7.132576043959492 69.89767
7.142397988700727 69.70693
7.152252136914132 69.89316
7.1621283840161345 69.90771
7.17203708803819 70.00739
7.181968089079387 70.05475
7.191931803225869 69.94423
7.201918014805703 69.8299
7.211937198450876 69.99173
7.221979082259787 70.09024
7.2320541999069965 69.95681
7.2421522227975705 69.91183
7.2522837441510335 69.91409
7.262438378210361 69.90297
7.272626778248155 69.9062
7.282838500871391 70.02276
7.293084259919688 69.89268
7.3033535538848735 69.84361
7.313657157693419 69.95236
7.323984511237557 69.82098
7.3343464510564385 69.6399
7.344732357952876 69.84476
7.355153130610603 69.86835
7.365598090247728 69.83797
7.376078198230626 69.81851
7.386582715691908 69.79123
7.397122667224903 69.78326
7.407687253370312 69.8202
7.4182820594041186 69.84032
7.428912734047896 69.79115
7.439573920722412 69.79162
7.450260200337497 69.73909
7.460977223874829 69.69982
7.471730706870556 69.79087
7.4825152325303845 69.80544
7.493325320470791 69.78674
7.504172319809814 69.75376
7.515045120330902 69.71771
7.525955137781424 69.6916
7.536891198192351 69.70978
7.547864784531105 69.75202
7.558864658528289 69.76366
7.569902370969122 69.71479
7.580966618729687 69.75333
7.592069021017884 69.82358
7.603198209294757 69.83434
7.614365871803013 69.86481
7.625560574021699 69.88815
7.636794073847798 69.85435
7.648054870204861 69.85595
7.6593489247040045 69.76488
7.670682268834402 69.6849
7.682049201988728 69.66634
7.693443954799478 69.6158
7.704872561407833 69.57508
7.716341127095083 69.60748
7.727843885188969 69.55427
7.739374999032578 69.50924
7.750940576638976 69.5471
7.762546798454011 69.55882
7.774187830597338 69.58565
7.7858577679502945 69.65331
7.797562793773179 69.66922
7.80930916508333 69.65703
7.821090979622929 69.60713
7.832902262612148 69.60213
7.844749273968454 69.63561
7.8566383487231795 69.68492
7.868563515044692 69.68402
7.880518727264703 69.7135
7.892510323403504 69.75893
7.9045447179856065 69.73343
7.916609601105793 69.68076
7.928717656778498 69.65295
7.940856500782174 69.64874
7.953038895927327 69.65296
7.9652523830043815 69.66687
7.97750980435955 69.59031
7.989798625115452 69.57391
8.00213176790297 69.59257
8.014496621488949 69.56352
8.026906189547363 69.53931
8.039347783792996 69.55919
8.051834489710963 69.59441
8.064353541259248 69.52327
8.076918106511934 69.43604
8.089521884988033 69.48241
8.10215849604493 69.48679
8.114834648071794 69.4849
8.127557132662863 69.44001
8.140319572665783 69.36551
8.153115509263976 69.33903
8.16595173759204 69.32033
8.178835137584365 69.34335
8.191752543539165 69.35567
8.204717548496035 69.31569
8.217716904583266 69.2309
8.230764292310656 69.27132
8.243846380869 69.35083
8.256976939089107 69.36417
8.270142552447176 69.24587
8.28335707895696 69.15482
8.296607019593267 69.14524
8.309906322426027 69.21615
8.323241403132036 69.18807
8.336626300722118 69.13584
8.350047344768445 69.19221
8.363518666119134 69.25805
8.377026507424977 69.3193
8.390585092279656 69.34173
8.404180575585519 69.26086
8.417827274602153 69.2393
8.431511255645951 69.27479
8.445246930575003 69.29397
8.459020276271602 69.30463
8.47284580013743 69.27786
8.48670938876173 69.22992
8.500625646047549 69.29832
8.514580367421173 69.33758
8.528588254257684 69.22822
8.542635009939357 69.14045
8.556735434297106 69.12289
8.570875137776818 69.11583
8.585069019662383 69.13169
8.599302596559419 69.1673
8.613590868215507 69.16552
8.62791925648043 69.05013
8.642302862589977 68.97007
8.656727012710672 69.02552
8.67120691060506 69.01865
8.685727785816901 68.91405
8.700304945688346 68.76279
8.714923522188629 68.71598
8.729598927306885 68.72805
8.744316194473592 68.79704
8.759090841407025 68.75225
8.773907802022036 68.69935
8.788782700863234 68.7235
8.803700371340081 68.72118
8.818676545936045 68.64996
8.833695956552349 68.55552
8.848774444739405 68.56578
8.863896639874062 68.62321
8.879078493717609 68.62377
8.894304532092873 68.50475
8.909590818132086 68.45127
8.924921773060658 68.4486
8.940313572558244 68.3599
8.955750532195475 68.38306
8.971248941392624 68.35138
8.986793008993983 68.25369
9.002399139370642 68.2286
9.018051433554547 68.2113
9.03376641209513 68.19376
9.0495280671113 68.23619
9.065353036575978 68.30861
9.08122520257943 68.28037
9.097161321781153 68.29607
9.113145165111964 68.36008
9.129193609199307 68.30588
9.14529031266833 68.32307
9.161452273414382 68.40373
9.177663036595012 68.42506
9.19393972269239 68.3655
9.210265762218569 68.38006
9.22665839958074 68.4275
9.24310094945133 68.4762
9.25961078152041 68.50558
9.276171093410115 68.50168
9.292799381471273 68.54039
9.309478725048269 68.52439
9.326226748550939 68.45297
9.343026411801363 68.52514
9.359895468687407 68.56026
9.37681675824691 68.4819
9.393808165285934 68.46789
9.410852406778448 68.49658
9.427967499910434 68.67361
9.44513603829436 68.71748
9.462376172979805 68.66862
9.479670372901795 68.65725
9.497036924479561 68.52479
9.514458170636098 68.43526
9.531952534689157 68.44529
9.549502232196147 68.3865
9.567125824925423 68.32785
9.58480539969597 68.48587
9.602559658302518 68.62765
9.62037055743313 68.59022
9.638256940508823 68.571
9.656200632674265 68.58038
9.674220620601252 68.5804
9.69229859645824 68.5675
9.710453691817388 68.70325
9.728667464417398 68.71402
9.74695919240595 68.71931
9.765310297617363 68.65778
9.783740206476054 68.4977
9.802230203415881 68.49577
9.820799864865794 68.52307
9.839430336341247 68.51383
9.858141346030619 68.53863
9.876913898990777 68.48292
9.895767876952064 68.38476
9.914684142949916 68.32847
9.933682734067366 68.30604
9.95274436973251 68.4994
9.971889244220543 68.67204
9.991097931742816 68.57887
10.010388781477417 68.44008
10.029750245177244 68.44116
10.049188769187419 68.55122
10.06870075901894 68.55322
10.08829070257076 68.53258
10.10795600249343 68.54446
10.127698120056163 68.56419
10.147517506243512 68.54137
10.16741461557717 68.50974
10.187389906150708 68.49426
10.20744383966474 68.45141
10.227576881462486 68.50976
10.247788450393992 68.51346
10.268082169711478 68.4127
10.28845430686529 68.2746
10.30890956787422 68.21078
10.329444194299736 68.23775
10.350062933557668 68.2938
10.370762001071716 68.30679
10.39154618621422 68.31453
10.412411678019492 68.30836
10.433363308386118 68.24759
10.454397239704589 68.12833
10.475517249615233 68.09264
10.496722765701707 68.1452
10.518014308285943 68.27675
10.539392401920152 68.26717
10.56085757542987 68.02122
10.58241036195759 67.98918
10.604051299006889 68.07448
10.625782057559436 68.15179
10.647599796758614 68.05255
10.66950959306277 67.8646
10.691507457647196 67.8305
10.713598513466778 68.01636
10.73577874332986 68.03397
10.758052159985576 67.93102
10.780418189670247 67.75787
10.802877411215741 67.7146
10.825430408287604 67.82508
10.848077769435607 67.7364
10.870820088144956 67.7025
10.89365796288814 67.76832
10.916591997177406 67.69012
10.939622799617943 67.53896
10.962750983961715 67.50764
10.985977169161968 67.54929
11.009301979428459 67.51836
11.032726044283377 67.36597
11.05624999861797 67.20963
11.079874482749911 67.13604
11.103600142481397 67.16329
11.127427629158001 67.24161
11.151357599728264 67.32525
11.175390716804088 67.15218
11.199527648721887 67.03844
11.22376906960454 67.07376
11.248115659424156 67.02021
11.272568104065645 66.8345
11.297127095391135 66.59069
11.321793331305225 66.4481
11.346567515821086 66.39957
11.371450359127458 66.412
11.396442577656499 66.44431
11.421544894152545 66.48354
11.446758037741793 66.36196
11.472082744002883 66.21034
11.497519755038445 65.99266
11.523069819547574 65.85646
11.548733692899308 65.77986
11.574512137207044 65.79604
11.600405921404 65.75619
11.626414469584368 65.43781
11.65254261975726 65.22862
11.678785742631796 65.11997
11.70515007875225 65.01161
11.731630964185207 64.90263
11.758234703300936 64.66563
11.784956597183347 64.55093
11.81180301503359 64.4169
11.838769222609587 64.26875
11.865861654969695 64.02102
11.893076956651994 63.80538
11.920415965299192 63.81099
11.94788380874162 63.6102
11.975475662899461 63.23526
12.00319813211032 63.00724
12.031046355741918 63.02718
12.059027007758658 62.92892
12.087135190618351 62.70639
12.115377649042467 62.52392
12.143749448218385 62.44181
12.172257404779778 62.26693
12.200896546280015 62.1184
12.22967376244568 61.87027
12.258584042829531 61.48515
12.28763284159865 61.28551
12.316819639513785 61.13217
12.346145422283854 60.84476
12.375611185027886 60.69448
12.405217932387593 60.44328
12.434966678641539 60.04733
12.464858447820982 59.63984
12.494894273827356 59.32869
12.525075200551504 59.15694
12.555402281994585 59.10764
12.585876582390798 58.8004
12.616499176331853 58.51025
12.647271148893287 58.19035
12.678193595762643 57.94891
12.709267623369495 57.61335
12.740494349017434 57.25294
12.77187490101797 57.06546
12.80341041882644 56.79433
12.835102053179936 56.53211
12.86695096623725 56.25931
12.898958331720962 55.81845
12.93112533506162 55.70945
12.963453173544082 55.69229
12.995943056456065 55.35237
13.028596205238955 55.00657
13.06141385364085 54.64484
13.094397247871965 54.13478
13.127547646762372 53.65327
13.16086632192216 53.3046
13.194354557904019 53.075
13.228013652368329 52.65431
13.261844916250785 52.12086
13.295849673932581 51.66164
13.330029263413241 51.2408
13.364385036486107 50.85511
13.398918358916557 50.40934
13.433630610622993 49.60886
13.468523185860636 49.19538
13.503597493408218 49.00125
13.538854956757573 48.55522
13.574297014306222 47.94578
13.609925119552985 47.47305
13.645740741296677 47.00891
13.681745363837972 46.38215
13.717940487184427 45.8433
13.754327627258823 45.44324
13.790908316110787 44.98342
13.827682190083616 44.2695
13.8646565502738 43.68149
13.901825309663158 43.27829
13.939197776865226 42.63258
13.976767816535355 42.07874
14.014544855232554 41.6162
14.052522708876698 40.8555
14.090710924274546 40.17922
14.129103268202877 39.78428
14.167709410079247 39.38902
14.206523067131503 38.68696
14.245554033813818 37.81039
14.284795977401455 37.08644
14.324256768032269 36.42265
14.363936178158774 35.7182
14.403836029611407 34.86982
14.443960250799146 34.1454
14.484304445595141 33.57352
14.524878866141476 32.86146
14.565677001742783 31.81914
14.606709241328984 30.89032
14.647969022475113 30.18969
14.689466873709804 29.16178
14.731196180495456 28.08979
14.773165431383816 27.3331
14.815374506740625 26.45818
14.857825468095792 25.66846
14.900520400674994 25.08238
14.943461413741112 24.16458
14.986650640941582 22.75992
15.030090240661805 22.35085
15.073782396384702 21.98489
15.117729317056577 21.31251
15.161933237459374 20.72457
15.206396418589515 19.98746
15.251121148043397 19.40722
15.296109740409722 19.15198
15.341364537668804 18.78813
15.386887909598956 18.11921
15.432682254190166 17.57541
15.478749998065156 16.84083
15.525093596908022 16.09758
15.571715535900589 15.43947
15.61861833016666 15.11468
15.665804525224296 14.74727
15.713276697446359 14.17615
15.761037454529406 13.38616
15.809089435971213 12.79186
15.857435313556996 12.27585
15.906077791854655 11.60204
15.9550196087191 10.96732
16.00426353580594 10.42815
16.053812379094726 10.03051
16.103668979421926 9.578109
16.15383621302387 8.920448
16.20431699208986 8.733335
16.255114265325727 8.273835
16.306231018527953 7.565138
16.35767027516873 6.806348
16.40943509699207 6.341796
16.461525874802525 5.847052
16.513953878178214 5.236142
16.566711413354195 4.676212
16.619812644852054 4.473735
16.673249821471178 4.089129
16.727037332238268 3.442905
16.78117018455931 2.580298
16.835654549204307 2.093274
16.890493861150006 1.990582
16.94569160027486 1.772352
17.001251292095098 1.387081
17.05717650851537 1.344102
17.113470868594213 1.023062
17.170135091188868 0.5501375
17.227181736431014 0.229736
17.28460273760452 0.1437888
17.34241382121012 -0.0334308
17.400606863564974 0.0137838
17.45919785461377 -0.07171573
17.518178613947693 -0.1717156
17.577565401726467 -0.3532106
17.637349981110397 -0.2834584
17.69754888947881 -0.2249056
17.75815383391438 -0.05386132
17.819178461032397 -0.4661801
17.880623947948788 -0.6007096
17.942494663453523 -0.5085294
18.004795037014258 -0.5273358
18.067529559833424 -0.557694
18.13070278592753 -0.5034565
18.19431933322914 -0.5888722
18.25838388471218 -0.4486413
18.322901189541067 -0.3712423
18.38787944538478 -0.5529328
18.453313393913103 -0.577208
18.51921813342578 -0.2054181
18.585595308698373 -0.03424306
18.65245001796231 -0.1870633
18.719787433069737 -0.324836
18.787612800827258 -0.3804087
18.855931444358692 -0.003729617
18.924748764497778 0.2452294
18.994070241211396 -0.005716566
19.063901435054245 0.4457089
19.134247988655687 0.955821
19.20511562823966 0.4412547
19.276510165178486 0.6865194
19.348437497581447 0.7534264
19.420903611919076 0.6697078
19.4939145846841 0.7295584
19.567476584089956 0.5644935
19.641595871807944 0.05433967
19.716278804743972 0.05701066
19.791531836856027 -0.05859094
19.867361521013407 0.7903553
19.943774510898876 0.9150144
20.020777562954834 0.2175316
20.098377538374837 -0.04025377
20.17658140514152 0.3244175
20.255396240112326 0.3878612
20.33482923115434 0.01484952
20.41488767932948 0.09801517
20.49557900113156 0.8876107
20.576910730776635 0.9615477
20.65889052254804 1.028901
20.741526153197743 0.8888358
20.82482552440555 0.7825033
20.908796665297835 0.3282353
20.993447735027424 0.7258853
21.078787025416382 1.687508
21.164822963663596 1.659577
21.25156411511887 0.4355663
21.33901918612554 -0.007028862
21.427197026933555 -0.5980327
21.516106634685126 0.4201871
21.60575715647494 1.20497
21.696157892487296 0.4740473
21.787318299212213 -0.08028431
21.87924799274309 -0.7132311
21.971956752158086 -0.4112464
22.065454522987903 0.4148567
22.159751420772466 -0.8794341
22.25485773470919 -1.2316
22.350778935821303 -0.4068122
22.447535619749523 -0.1645483
22.54513366671574 -0.819367
22.64358409895065 0.6162377
22.74289813205755 1.477167
22.843087179271635 2.017965
22.944162855832417 2.935253
23.046136983472692 2.728898
23.149021595027776 1.578697
23.252828939168737 0.7691389
23.35757148526359 0.6961502
23.463261928370414 1.006233
23.569913194366695 0.6218916
23.677538445219174 1.80272
23.786151084398735 3.604033
23.895764762445037 6.245297
24.006393382685676 1.749666
24.118051107115015 2.37331
24.230752362437777 3.083453
24.344511846282913 4.440194
24.45934453359332 4.640175
24.5752656831973 3.516504
24.692290844567708 1.996285
24.810435864775187 6.603719
24.929716895641963 10.60587
25.050150401103007 20.85146
