wavelength transmission
2.5001837635066173 81.9841
2.5013901475745146 82.02583
2.502597070109506 82.03143
2.503805784792885 82.08466
2.5050150401103006 82.05386
2.5062260921694723 82.06789
2.50743768703918 82.17548
2.5086510832606246 82.12075
2.5098650244787137 82.11062
2.5110807716752097 82.109
2.5122970660641175 82.14055
2.5135151710748698 82.11595
2.514733825483508 82.02513
2.515954295174274 82.03677
2.5171753164781596 82.14432
2.51839815774138 82.10825
2.519621552842763 82.09913
2.52084677259769 82.12163
2.5220725484256845 82.01556
2.5233001536185133 81.92152
2.524528317129228 82.1172
2.5257576767878827 82.19178
2.5269888729098957 82.09284
2.5282212699255435 82.10949
2.5294542297786577 82.04381
2.530689033233768 81.93736
2.531924401801211 81.98766
2.53316161875107 82.29721
2.534399403098252 82.26974
2.5356383976793833 81.91576
2.5368792478457456 82.23165
2.5381213130615277 82.39034
2.539363950275191 82.19737
2.540608450317767 82.15691
2.5418535246738987 81.9211
2.5431004667097974 81.9826
2.5443479853852646 82.3267
2.545596728602732 82.37477
2.5468473468090425 81.9978
2.54809919444392 82.01778
2.5493516234016207 82.39764
2.5506059346988765 82.10822
2.551860829676304 82.03668
2.553116960075123 82.20622
2.554374980203594 82.56377
2.5556335875677627 82.31889
2.556894089611467 82.17222
2.558155835690674 82.12765
2.5594181725856626 81.82798
2.560682411619967 81.47883
2.5619472438699646 82.00851
2.5632133262486114 82.35573
2.5644813182664925 82.51003
2.565750565427281 82.81504
2.567020410635987 82.44286
2.568292173026871 81.80825
2.5695645358981016 81.82648
2.5708388210030337 82.73566
2.572113709031694 82.23286
2.573389862130638 81.70093
2.5746679450751238 82.59799
2.575947298179037 82.06389
2.5772272591265413 82.19704
2.578509157575273 82.82154
2.5797916663441924 82.16371
2.581075451546245 81.78573
2.582361181946713 82.23974
2.5836475264029404 81.58443
2.584935821213431 82.76374
2.5862254014403723 82.19163
2.58751559948467 81.64317
2.5888077556538267 82.52958
2.5901005321620554 82.72192
2.591394600466555 82.28844
2.5926906347088163 81.67191
2.5939872930938463 81.00397
2.5952859226500986 81.41945
2.5965858531251604 83.64624
2.5978864115732723 82.99085
2.5991889490803293 82.49667
2.600492117128246 81.97641
2.601796592583111 81.89272
2.603103055027776 81.95794
2.6044101518865954 81.74307
2.605719241047791 82.45235
2.6070296468804415 82.85017
2.608340691027699 82.59264
2.6096530544553693 82.43242
2.6109674208707156 82.67539
2.6122824295271507 82.17374
2.6135994465441814 82.24892
2.614917108435121 82.3213
2.6162367840798852 81.32636
2.617557792404109 82.42553
2.6188794495743926 82.87085
2.62020244208108 82.0899
2.621527459189371 83.0371
2.622853129142469 82.77101
2.6241808291519195 82.33469
2.6255091846875054 81.81461
2.626839575754901 81.87737
2.6281713157703153 82.65421
2.629503715357275 81.58291
2.63083746659823 82.05301
2.6321732643844324 82.96762
2.633509725814769 82.35229
2.6348482393285355 82.71492
2.636188114165926 82.64673
2.637528656748856 82.37726
2.638870563398865 82.35753
2.6402145332721156 82.21559
2.641559175019937 82.06893
2.6429058855928327 82.45119
2.6442532708090836 82.34523
2.6456027304736662 82.06445
2.646953568199288 82.76669
2.6483050847457625 82.64297
2.6496579821476645 82.38546
2.6510129653091092 82.07494
2.6523686314971426 81.95102
2.6537263891328844 82.65054
2.655084832615487 82.4163
2.656445373255811 82.63452
2.6578073089700998 82.45352
2.6591699347865165 81.84497
2.6605339585233403 82.28613
2.6619000909038877 82.66281
2.663266917670696 82.39318
2.664635858857436 81.50648
2.6660054973033356 81.76158
2.6673772559676565 83.30618
2.6687497147773747 82.94956
2.670124299626396 82.05302
2.671499587520464 83.42564
2.672877007297222 83.32539
2.6742551330321587 82.89279
2.6756353965157875 82.35468
2.677016368884289 82.51308
2.6783994848902113 83.41301
2.6797833127213337 83.55987
2.681169290101445 83.43001
2.682555982260794 82.69566
2.6839448299036546 82.68251
2.6853343952935758 82.90737
2.686726122124598 83.05749
2.688118569684366 83.17164
2.6895131846660094 83.05059
2.6909085233720207 82.9072
2.6923060355039783 82.39313
2.693704274369942 81.99966
2.69510469268934 82.85962
2.6965058407664766 83.49312
2.6979091743480637 83.23224
2.6993132407252944 82.85287
2.7007194986816434 82.49292
2.7021264924857915 82.96878
2.7035356839674924 83.17233
2.704945614363478 82.89658
2.7063577485593378 82.88206
2.7077706247503777 82.54245
2.7091857108876214 82.28161
2.7106015421154295 82.88056
2.7120195894598984 83.81611
2.7134383850048884 83.42107
2.714859402861245 83.00766
2.7162811720427302 82.83415
2.7177051697546593 82.66962
2.7191299219310605 82.38112
2.7205569088814756 82.0851
2.721984653450524 83.87939
2.7234146390617733 82.88412
2.7248453854607155 82.65799
2.726278379194788 83.83572
2.7277121369005988 83.44324
2.729148148259336 83.03861
2.7305849267889224 82.93726
2.732023965314224 82.94848
2.7334637742246395 82.78838
2.7349058494986784 82.74277
2.736348698387333 83.28705
2.737793820032766 82.54533
2.7392397185376405 81.67644
2.7406878962178234 82.89303
2.7421368540176827 83.83121
2.7435880974368847 83.62875
2.745040124251496 83.08742
2.7464944431551177 83.02361
2.747949548745465 82.91257
2.749406952920255 82.90192
2.7508651470887595 82.72267
2.752325646363036 82.75513
2.753786938953776 82.44283
2.7552505431976444 81.77198
2.7567149440965775 83.42854
2.758181663222157 83.34567
2.759649182357342 82.96935
2.761119026318987 82.54441
2.7625896736608073 82.43738
2.764062652455331 83.12756
2.7655364380167233 83.04073
2.7670125616836274 82.6785
2.768489495520307 83.02231
2.769968774142009 82.82796
2.771448866352699 82.76118
2.7729313100547603 83.19409
2.7744145707814196 83.02257
2.775900189732778 82.67397
2.7773866291608376 82.666
2.778875433574039 82.8469
2.7803650619326317 82.77389
2.781857062064066 82.7634
2.78334988962626 83.04982
2.784845095776393 82.87267
2.786341132859432 82.26913
2.787839555373045 82.72837
2.7893388123385843 83.35779
2.790840461605012 83.04253
2.7923429488593556 82.80485
2.793847835312728 82.73312
2.795353563307071 82.79156
2.796861697426552 82.78257
2.7983706766572234 82.8131
2.799882068967255 82.71396
2.801394309975961 82.35702
2.8029089710465107 82.07207
2.8044244844205806 83.09274
2.8059424248673843 83.23595
2.807461221240016 82.93311
2.8089824517248276 82.8869
2.810504541775339 82.89429
2.81202907300618 82.77435
2.813554467460258 82.59573
2.8150823101916678 82.66196
2.8166110198216185 82.86687
2.8181421848549095 82.61513
2.8196742204799143 82.64002
2.8212087186634243 82.90796
2.822744091149794 82.96843
2.824281933379143 82.80291
2.825820653640575 82.62984
2.8273618508589244 82.57221
2.8289039298567613 82.76263
2.8304484930550697 82.68659
2.8319939417985593 82.51872
2.8335418820158496 82.49615
2.8350907115624073 82.64156
2.8366420398860237 82.6923
2.8381942613414948 82.75736
2.839748988907372 82.9184
2.8413046134263005 82.79126
2.8428627514192284 82.74966
2.84442179020512 82.7459
2.84598334985901 82.68225
2.847545814164604 82.54854
2.8491108067627633 82.55303
2.850676707890303 82.75478
2.8522451447657025 82.59507
2.853814494067205 82.49889
2.8553863866027553 82.80446
2.856959195480291 82.86911
2.858534555109116 82.73352
2.8601108350150786 82.72877
2.861689673220795 82.77943
2.863269435658184 82.69392
2.8648517639751767 82.5603
2.8664350204978772 82.533
2.8680208505115834 82.68024
2.8696076127246433 82.67824
2.8711969560718353 82.49028
2.8727872356317543 82.61824
2.8743801040008212 82.71532
2.8759739126158337 82.62942
2.87757031774707 82.5955
2.879167667177431 82.65358
2.8807676208633257 82.62588
2.8823685229216034 82.62543
2.883972037007129 82.60413
2.885576503558493 82.65465
2.887183589941399 82.63626
2.8887916329039145 82.68375
2.8904023035350197 82.6593
2.892013934879944 82.60383
2.893628201763435 82.58353
2.8952434335155117 82.55333
2.8968613087092394 82.53638
2.8984801529470006 82.52807
2.900101648562782 82.46756
2.901724117418847 82.65856
2.9033492456227656 82.67317
2.9049753512841443 82.57874
2.906604124296856 82.6034
2.908233879005256 82.55808
2.9098663091022945 82.56389
2.9114997251544263 82.59983
2.9131358246665116 82.57947
2.9147729144143972 82.59283
2.916412695727747 82.57999
2.9180534715790345 82.53679
2.9196969471356753 82.48137
2.921341421553949 82.44943
2.9229886038520316 82.48774
2.9246367893571295 82.60381
2.926287690951245 82.60628
2.927939600119577 82.51589
2.9295942336210783 82.51119
2.9312498790859425 82.56431
2.9329082571632616 82.56114
2.9345676516151715 82.54243
2.9362297869941463 82.51222
2.9378929431811507 82.53026
2.939558848645348 82.55943
2.94122577937336 82.55328
2.942895467764406 82.5049
2.9445661858975307 82.54273
2.9462396701154363 82.53121
2.947914188576302 82.53614
2.949591481579801 82.55707
2.9512698133498922 82.51543
2.9529509281567705 82.4993
2.9546330862767634 82.48261
2.9563180359642 82.50745
2.9580040335343 82.48777
2.959692831239203 82.49002
2.9613826814194857 82.51762
2.9630753403388335 82.50824
2.9647690563495868 82.47892
2.9664655897407757 82.48249
2.9681631848628425 82.48501
2.969863606044029 82.48532
2.9715650936191587 82.47537
2.9732685319367693 82.45035
2.9749748094008015 82.44518
2.9766830463612433 82.48859
2.978392359113106 82.46297
2.9801045241860815 82.45377
2.981817769785181 82.45343
2.983533876535401 82.46552
2.98525106857062 82.50378
2.9869711306253253 82.50848
2.9886922827482216 82.48839
2.9904163137975415 82.47138
2.9921414397227117 82.47272
2.993869453520027 82.48456
2.9955985670254694 82.42096
2.9973305773877783 82.39432
2.9990636923152594 82.4509
3.0007997131235475 82.44514
3.002536843378971 82.40526
3.0042768885785804 82.40748
3.0060180481323613 82.43546
3.007762131733364 82.44175
3.0095073346208006 82.44462
3.011254563932699 82.43724
3.013004731020029 82.41421
3.0147569337148408 82.43746
3.016510265636911 82.44137
3.018266549155489 82.42691
3.0200239669102014 82.45322
3.021784345525327 82.4637
3.0235458634113157 82.521
3.0253094362124093 82.5076
3.0270759838451005 82.47498
3.028844595738597 82.40345
3.030614357050618 82.36142
3.032387107260384 82.40826
3.0341610120019276 82.44622
3.035937915069637 82.43771
3.037715977808877 82.46988
3.039496124490467 82.45294
3.0412792837179032 82.4183
3.0430645363997684 82.41219
3.0448509591128277 82.4111
3.0466404086885306 82.4228
3.04843103351567 82.4168
3.0502237644153576 82.38519
3.052019536587458 82.36096
3.0538164918916593 82.36774
3.0556164981290466 82.43842
3.0574186275675816 82.47711
3.0592219480819445 82.44866
3.0610283341026716 82.4239
3.0628359165291457 82.45479
3.0646456350252222 82.44759
3.0664584336959626 82.39323
3.068273378248765 82.40845
3.0700895299508724 82.44843
3.0719087765969704 82.42474
3.073729235806364 82.4133
3.075552799860247 82.4384
3.0773775819197913 82.43943
3.0792045306183784 82.44556
3.0810345990942376 82.41855
3.082866844198692 82.4276
3.084700318279379 82.44109
3.08653692717347 82.44175
3.088374770572359 82.40184
3.0902148039212354 82.39661
3.092057987218669 82.42663
3.0939024133676383 82.40535
3.095749999613031 82.38773
3.0975997938237576 82.43681
3.099450839300293 82.43921
3.1013050601823755 82.38786
3.1031605379763234 82.38879
3.105018237324617 82.4002
3.1068791274889205 82.40613
3.1087412830894423 82.40409
3.1106066398387218 82.40229
3.1124742364945073 82.41286
3.1143431071801184 82.39124
3.1162151946029644 82.41513
3.1180885618221863 82.42401
3.1199641828111813 82.39491
3.1218430362296132 82.40006
3.123723178150931 82.41476
3.1256065630236365 82.3778
3.127492220363102 82.40508
3.129379174982992 82.45536
3.131268407944153 82.43587
3.1331609050448592 82.40176
3.135054708272187 82.39261
3.136951786305825 82.3878
3.13885017640338 82.38863
3.1407518520228486 82.44132
3.142655833303478 82.43225
3.1445611356142305 82.38879
3.146468749587026 82.37157
3.148379670660596 82.43655
3.150291921800933 82.43875
3.152207490905881 82.40583
3.154124396142884 82.36377
3.156044630258325 82.34013
3.1579672038789943 82.3931
3.1598911227914726 82.44221
3.161817387339704 82.41374
3.163747002745183 82.40881
3.165677972674501 82.42671
3.1676123045266444 82.42027
3.169549001702998 82.41292
3.1714870627113996 82.42085
3.173427495273973 82.39941
3.175371312044374 82.39706
3.1773165020287166 82.41586
3.179265087440917 82.40149
3.1812150523643905 82.38383
3.183168423987848 82.40159
3.1851241959552112 82.41306
3.187081356944507 82.4264
3.189040924643282 82.41309
3.19100392174382 82.36597
3.192968317452573 82.37489
3.1949361539933663 82.39798
3.196905395577081 82.38828
3.198878089476459 82.40582
3.2008532194341726 82.4035
3.2028297641532246 82.4155
3.204808751435354 82.45475
3.206791214161703 82.44331
3.2087751014454247 82.45696
3.210762475818945 82.45592
3.2127512813255295 82.45045
3.2147435856221236 82.46895
3.216737327663298 82.44434
3.2187345802496514 82.423
3.22073327722816 82.38252
3.222735496562308 82.35249
3.2247391669724794 82.39557
3.226746371604374 82.41265
3.2287550340326923 82.36235
3.2307672426047738 82.39793
3.2327809157304537 82.4455
3.2347981469782296 82.42342
3.236816849573792 82.43072
3.2388391223264192 82.43965
3.240862873258279 82.39957
3.2428902064391476 82.37428
3.244919024668199 82.41679
3.2469514372955235 82.43416
3.2489853418777317 82.44107
3.2510228530651455 82.42593
3.2530618631521455 82.38168
3.255104492109301 82.36951
3.257148626948996 82.37445
3.259196392982168 82.38815
3.2612456719193372 82.42014
3.2632985944320296 82.45821
3.265353036908938 82.44565
3.2674111354024977 82.41625
3.269470760959511 82.38952
3.271534055033746 82.40837
3.2735988833099485 82.4575
3.2756673926637494 82.44219
3.2777374433975717 82.4165
3.2798111878295386 82.40907
3.281886480859382 82.4388
3.2839654802684577 82.4398
3.2860460355333303 82.44611
3.288130309919434 82.43532
3.2902161474595912 82.42838
3.292305716924262 82.41571
3.2943968568818467 82.38496
3.296491741628889 82.3963
3.2985882042485817 82.42303
3.3006884245847155 82.44279
3.3027902302143874 82.38303
3.3048958065499074 82.39133
3.3070029756412778 82.44067
3.30911392849071 82.44007
3.311226481600011 82.42288
3.3133428315827844 82.40837
3.3154607893714285 82.42513
3.3175825572125404 82.45775
3.319705940447795 82.46383
3.3218331469784936 82.46734
3.323961976534158 82.4427
3.3260946426926203 82.42701
3.3282289395497107 82.40117
3.330367086381729 82.41865
3.332506871629169 82.43203
3.3346505202888475 82.45531
3.3367958151241606 82.46774
3.3389449868746075 82.42576
3.3410958126046175 82.41656
3.3432505288186523 82.4129
3.345406906860192 82.40913
3.3475671890210505 82.4146
3.3497291409016667 82.36803
3.3518950106037195 82.35992
3.354062557962394 82.39709
3.3562340369118617 82.39854
3.3584072014997304 82.3988
3.360584311515412 82.40456
3.3627631151964947 82.42516
3.364945878210495 82.42453
3.367130342962428 82.38963
3.3693187810208967 82.36345
3.3715089289356723 82.34577
3.3737030641995456 82.37386
3.3758989174842533 82.40031
3.3780987722300013 82.37816
3.3803003532075837 82.33595
3.382505949827966 82.3315
3.3847132809379716 82.3411
3.386924641942794 82.36753
3.3891377457421417 82.36716
3.3913548937590257 82.34467
3.39357379292277 82.33581
3.3957967506979214 82.34944
3.3980214680200307 82.3342
3.4002502584190197 82.28944
3.402480816813154 82.28172
3.4047154628216987 82.28008
3.4069518853219996 82.27019
3.4091924100467534 82.27568
3.411434719808632 82.2641
3.4136811464779857 82.23946
3.4159293667789257 82.18197
3.418181718743804 82.1226
3.4204358729841666 82.10394
3.4226941737188428 82.0785
3.4249542854226753 82.03773
3.427218558525583 82.03177
3.429484651341443 82.04005
3.431754920535999 82.03646
3.434027018237774 82.06615
3.4363033073732074 82.09167
3.4385814338609495 82.12632
3.440863766913136 82.17638
3.443147946213897 82.19396
3.4454363472862024 82.19151
3.447726603554882 82.1856
3.4500210968790075 82.17843
3.4523174543992017 82.21831
3.454618064336043 82.26709
3.456920547520904 82.24652
3.459227298561411 82.23408
3.4615359319545114 82.24128
3.4638488487205583 82.24682
3.466163656996763 82.23502
3.468482764242024 82.24973
3.470803772208372 82.26495
3.473129094819203 82.26405
3.4754563274157895 82.25839
3.477787890412121 82.2771
3.4801213727129943 82.30615
3.482459201249228 82.30731
3.484798958463287 82.29639
3.4871430778291974 82.29272
3.489489135301103 82.27364
3.491839570922753 82.27981
3.494191954133839 82.29082
3.496548731574499 82.31748
3.4989074661436965 82.32082
3.50127061110477 82.27689
3.503635722789539 82.24145
3.506005261111495 82.22195
3.50837677580876 82.15353
3.5107527334720783 82.1213
3.5131306772191744 82.14864
3.515513080345294 82.20181
3.5178974793209195 82.23862
3.520286354173194 82.25169
3.522677234698371 82.2763
3.525072607683037 82.30121
3.5274699962220795 82.30547
3.529871893889227 82.31682
3.5322758170507194 82.31534
3.5346842660952733 82.31042
3.5370947506330515 82.29663
3.5395097778957614 82.29585
3.5419268507099084 82.31108
3.5443484831783447 82.32826
3.546772171316189 82.33566
3.5492004361257496 82.34311
3.5516307667828757 82.33398
3.5540656912177973 82.31522
3.556502691739062 82.31988
3.558944303233443 82.35899
3.561388001114002 82.35502
3.5638363272528344 82.33096
3.5662867501391746 82.34466
3.5687418186593804 82.35703
3.5711989943503637 82.36131
3.5736608331418447 82.36922
3.5761247895897577 82.37267
3.5785934266964503 82.36196
3.5810641920080672 82.35436
3.5835396556290062 82.39892
3.5860172580666565 82.42568
3.58849957655705 82.42165
3.5909840445396934 82.39094
3.5934732464120067 82.37206
3.595964608516323 82.37484
3.5984607224413687 82.37698
3.6009590074028517 82.38415
3.6034620622108897 82.38295
3.6059672989249525 82.37565
3.6084773236068033 82.36932
3.6109895411298933 82.36858
3.6135065648380515 82.39033
3.6160257923887715 82.40572
3.6185498444385424 82.41463
3.6210761113987853 82.39805
3.6236072212694146 82.38074
3.6261405571855057 82.39288
3.6286787545213337 82.419
3.6312191891051806 82.43319
3.6337645037167956 82.40118
3.6363120668470517 82.38344
3.6388645287124604 82.37566
3.6414192504356957 82.40812
3.6439788897014957 82.43314
3.646540800233379 82.43867
3.6491076472159496 82.44298
3.6516767769424368 82.4066
3.6542508621291345 82.39401
3.6568272416076733 82.40363
3.659408595658039 82.40614
3.6619922556187783 82.40066
3.664580909365753 82.40244
3.667171880712766 82.4077
3.669766518444797 82.42828
3.672366178976438 82.434
3.6749695253152113 82.42088
3.6775752128488595 82.42107
3.6801859524358047 82.42319
3.682799045123864 82.44232
3.68541720949791 82.42905
3.688037738952575 82.41635
3.690663359832296 82.43051
3.693291357845954 82.43018
3.69592446713085 82.42657
3.698559965677364 82.4551
3.7012005954491514 82.44648
3.703843626685156 82.42238
3.706491809209075 82.43276
3.7091424054752875 82.44512
3.711798173201411 82.45213
3.714456367023948 82.44887
3.7171197525885096 82.45932
3.7197855766802177 82.47407
3.7224566129069476 82.4733
3.7251301001687485 82.46866
3.7278074304148827 82.47055
3.730490003592462 82.47696
3.7331764403714653 82.46728
3.735865353435278 82.44295
3.7385595404861696 82.43653
3.741256216564861 82.45224
3.7439581874749623 82.46804
3.7466626602353954 82.48505
3.7493710430075353 82.50135
3.75208475209038 82.50656
3.7548023922597 82.49938
3.757522560165451 82.48885
3.7602480861277305 82.46918
3.7629761528912264 82.46196
3.7657095990197105 82.48282
3.7684455990961756 82.49863
3.771185577779571 82.50621
3.773930968009519 82.50172
3.7766803583918596 82.49718
3.7794323292641443 82.49377
3.7821897441386456 82.49
3.7849497528995553 82.48177
3.787713792770391 82.5107
3.7904833093648436 82.51881
3.79325544009729 82.49854
3.7960330695216884 82.48743
3.798814769791825 82.49509
3.8015991046473787 82.48152
3.804388971380723 82.48447
3.8071814864378677 82.50648
3.809978104055836 82.52213
3.8127802870108494 82.54694
3.8155851390590003 82.55115
3.818395578908863 82.54273
3.821210161973456 82.53541
3.8240274351024306 82.52188
3.82685032997017 82.51358
3.829675928993213 82.50684
3.8325057037266133 82.52113
3.835341134417201 82.5449
3.838180763728885 82.53591
3.841023125647933 82.51044
3.843871178038888 82.52227
3.846721977399739 82.5453
3.8495770084783083 82.54279
3.852437764831018 82.50967
3.8553012898681525 82.50077
3.8581705635475414 82.5283
3.8610441112706577 82.53345
3.8639204496057835 82.52403
3.8668025718877264 82.55479
3.869687499516289 82.55576
3.8725767351080056 82.5565
3.875471790247065 82.55907
3.878369673010775 82.54816
3.8812733992270054 82.52466
3.8841814767269556 82.52877
3.887092404349345 82.53654
3.8900092115418126 82.5446
3.8929288839751472 82.55271
3.8958529424598107 82.54981
3.8987829169368204 82.53889
3.9017157795140416 82.54663
3.904654582541665 82.55786
3.907597815965428 82.55543
3.91054396057546 82.54613
3.9134960825904206 82.57107
3.916451131306074 82.56235
3.9194106460599736 82.55006
3.9223761754871105 82.58593
3.925344655074077 82.58766
3.9283191743615897 82.57453
3.9312982050871788 82.61225
3.9342802096656606 82.61426
3.9372667415534797 82.61208
3.9402593636323515 82.62878
3.9432549834856476 82.60281
3.946256718995346 82.60702
3.949261468359109 82.63276
3.9522723589928033 82.63422
3.9552878440952104 82.66737
3.958306367371206 82.66797
3.961329501407262 82.65698
3.964358828389249 82.63884
3.9673912181001914 82.6386
3.970429826821762 82.64187
3.9734730936269465 82.64791
3.9765194479636636 82.65288
3.979572060698025 82.62549
3.9826277776339603 82.61153
3.9856881908443165 82.62537
3.988754902179775 82.65757
3.9918247429264864 82.6651
3.994900908480416 82.64745
3.9979818187778804 82.64993
4.001065883951485 82.64917
4.004154710928059 82.66247
4.0072499165490205 82.65499
4.010348302760443 82.65382
4.0134530947736815 82.65663
4.016561084664287 82.63544
4.019675507674967 82.64877
4.022794764252159 82.67845
4.025917244855481 82.65945
4.029044576543385 82.65413
4.032178396475231 82.69212
4.035315466839593 82.6965
4.038459053255967 82.67163
4.041605907857852 82.66605
4.044759306485569 82.6797
4.047917629733736 82.69129
4.051079248022465 82.68452
4.054245808923395 82.68767
4.057418970300099 82.67811
4.060595453838541 82.68773
4.063778566331432 82.73096
4.066965019220477 82.75226
4.070158129713497 82.74009
4.07335459895991 82.72336
4.076557754631988 82.72173
4.079764287538524 82.72416
4.082977535865895 82.73748
4.08619418003363 82.72343
4.089417568792182 82.7042
4.092644372122871 82.70063
4.0958779493905135 82.7112
4.099114960088968 82.71339
4.102358774248017 82.74247
4.1056060408245045 82.76993
4.108860140564105 82.75036
4.112117711836772 82.73865
4.115382146155328 82.75115
4.118650071252646 82.76529
4.12192488946028 82.78405
4.125203217823517 82.79874
4.128488469544553 82.78214
4.131777250930269 82.77282
4.135072986105741 82.78029
4.138372270588298 82.81062
4.14167853947848 82.81017
4.144988377452589 82.78497
4.148305230639548 82.77921
4.151625672822836 82.75778
4.1549531612130135 82.7728
4.1582842586486075 82.81739
4.161622433475425 82.83453
4.164964237534574 82.82887
4.168313150361059 82.80373
4.171665712745774 82.82061
4.175025415467216 82.8451
4.178388788212932 82.86854
4.181759333059567 82.86613
4.18513356853784 82.84129
4.188515008077551 82.79635
4.191900158998774 82.7393
4.195292546139828 82.62765
4.198688665555974 82.46047
4.202092053549781 82.28944
4.205499194857179 82.14278
4.208913637301077 81.93896
4.212331854243208 81.80154
4.215757405083276 81.60353
4.2191867517535995 81.36806
4.222623465287501 81.16463
4.226063996132306 80.96748
4.229511927012158 80.88086
4.232963696833447 80.94366
4.236422900068715 81.01104
4.239885964027112 81.1432
4.243356494987535 81.27014
4.246830908605226 81.4277
4.2503128230237746 81.69438
4.253798642187474 82.00586
4.257291996163328 81.97018
4.260789277127273 81.56393
4.264294127128842 81.38282
4.267802926517822 81.37515
4.27131932938578 81.43766
4.274839704198192 81.54979
4.278367717148553 81.48864
4.281899724759486 81.56887
4.285439405386711 81.64522
4.288983103551064 81.63492
4.292534509831191 81.6397
4.296089956686822 81.79099
4.299653146980633 81.88377
4.303220401051536 81.83842
4.3067954341077535 81.82423
4.310374554307272 81.99055
4.313961489265785 82.19749
4.317552534899857 82.28391
4.321151431294989 82.30067
4.324754462065417 82.34072
4.328365379829211 82.43491
4.331980455836976 82.53647
4.33560345530253 82.58695
4.339230637051128 82.67055
4.342865778955949 82.72915
4.3465051273547735 82.74924
4.350152472844173 82.76099
4.353804049211917 82.74973
4.357463659842443 82.79535
4.361127525910549 82.85216
4.364799463653442 82.88499
4.368475681569575 82.91833
4.372160008814275 82.96646
4.375848641145842 83.01733
4.379545420703512 83.00496
4.383246530441209 82.98808
4.3869558255483145 82.98404
4.390669476109709 82.96367
4.394391350431617 82.94111
4.398117605664776 82.93651
4.401852123299399 82.94339
4.405591047486545 82.92875
4.409338272968022 82.9517
4.413089930829229 82.99063
4.416849929131643 82.99912
4.420614385828571 82.97998
4.4243872223697025 83.00419
4.428164543509373 83.0014
4.431950284154492 82.985
4.4357405357931 82.99327
4.439539246858804 83.01508
4.443342495505559 83.05737
4.447154243763644 83.05215
4.450970556384672 83.04356
4.454795409066043 83.03658
4.458624853088311 83.04855
4.462462877886934 83.04263
4.466305521202222 83.02728
4.470156786279122 83.03387
4.4740126972480345 83.04017
4.477877271235325 83.03713
4.481746518691348 83.03677
4.485624470696312 83.03538
4.489507123949903 83.03818
4.493398523559113 83.01591
4.497294652401847 83.00558
4.501199569685321 83.01938
4.505109244394067 83.03101
4.509027749909481 83.0324
4.51295104125063 83.03909
4.516883206047565 83.03127
4.520820185281295 83.04259
4.524766080905533 83.0908
4.528716819790131 83.09551
4.532676518287989 83.07167
4.536641089084206 83.0775
4.540614663006932 83.09069
4.544593138482388 83.09197
4.548580660890576 83.09524
4.5525731143242165 83.0818
4.556574658792298 83.03377
4.560581163978888 83.03023
4.5645968045996534 83.06828
4.568617435854327 83.08999
4.572647247243494 83.08308
4.576682079406349 83.09608
4.580726136707191 83.10922
4.584775245147933 83.09621
4.588833624035943 83.08576
4.592897084658575 83.08878
4.596969861346195 83.07742
4.601047750593765 83.10468
4.605135001835146 83.14025
4.609227396694538 83.15988
4.61332919979037 83.14701
4.61743617779715 83.12589
4.62155261059953 83.10829
4.6256742498428425 83.12327
4.629805390760205 83.13791
4.63394176988772 83.15073
4.638087697889809 83.1265
4.642238896112729 83.11484
4.646399690735636 83.1064
4.650565787833749 83.11687
4.654741529184996 83.11118
4.658922605511785 83.11216
4.663113374275469 83.08979
4.667309510763283 83.09113
4.671515388205266 83.09744
4.6757266663705375 83.12148
4.6799477343437035 83.13273
4.6841742362922325 83.14429
4.6884105772417985 83.15079
4.692652385674083 83.1517
4.696904082642967 83.15439
4.701161280859598 83.1633
4.705428417493842 83.15213
4.709701089400959 83.15075
4.713983749955217 83.16015
4.718271980070019 83.17357
4.722570249413103 83.17593
4.72687412286942 83.16207
4.731188086489903 83.19191
4.735507689043835 83.20536
4.739837433055721 83.16933
4.744172851091325 83.15641
4.7485184622397805 83.17992
4.752869782774839 83.19263
4.757231348441983 83.19587
4.761598659133817 83.18642
4.765976267344579 83.18988
4.770359656495943 83.21197
4.774753395923984 83.21063
4.7791529524890075 83.21383
4.7835629124627115 83.18398
4.787978726052925 83.16482
4.792404996561449 83.16037
4.796837157451863 83.1776
4.801279829151259 83.18143
4.805728428286518 83.18251
4.810187592505921 83.18162
4.8146527215065245 83.19849
4.8191284702544115 83.21151
4.823610221423004 83.24747
4.828102647393525 83.25319
4.832601113721253 83.23029
4.837110310300626 83.19792
4.841625585473574 83.21992
4.84615164674656 83.26559
4.850683825152251 83.23052
4.855226845908694 83.21864
4.859776022642668 83.21712
4.864336098384117 83.23307
4.868902369256581 83.22431
4.873479596202975 83.20518
4.878063057745535 83.20135
4.882657532841975 83.21591
4.887258282314429 83.21613
4.891870103238027 83.19255
4.896488238635251 83.21022
4.901117503802041 83.24866
4.905753123860945 83.25343
4.910399932432897 83.20914
4.91505313663946 83.20273
4.919717588531548 83.23118
4.924388477127939 83.26345
4.9290706730153095 83.26961
4.933759347007082 83.28121
4.938459388332297 83.23225
4.943165949495674 83.22773
4.947883938476032 83.25337
4.952608489365264 83.21131
4.957344529000218 83.25839
4.962087172955037 83.33576
4.966841367033683 83.24905
4.971602208186837 83.22118
4.9763746612955 83.22156
4.981153804580369 83.25557
4.985944622110272 83.27094
4.990742173268586 83.26083
4.995551461423602 83.19796
5.000367527013235 83.18346
5.005195392817744 83.22327
5.010030080220601 83.23084
5.014874116629924 83.12415
5.0197300489574275 83.17925
5.024595394455861 83.27473
5.029467650967016 83.22409
5.034349365722323 83.23775
5.039243105685526 83.21159
5.044146369021678 83.19
5.049056634258456 83.18184
5.0539790229546675 83.19597
5.0589084595573155 83.1977
5.063850085730982 83.17323
5.068798806196504 83.16971
5.073759782843082 83.18465
5.078727900550382 83.12711
5.083708341551995 83.15524
5.088695970770529 83.27106
5.093695990904697 83.19286
5.098703246803241 83.15096
5.1037229617516795 83.15438
5.108749960407188 83.14077
5.1137894867647455 83.13087
5.118836345171325 83.15871
5.123893175025529 83.14941
5.128962636532985 83.16326
5.13404213919107 83.11065
5.139129071796203 83.13225
5.144226094909943 83.0683
5.1493358901502475 83.22068
5.154455846673494 83.27186
5.159583332688385 83.16495
5.164721030175915 83.18085
5.169871642426862 83.17433
5.175032538017082 83.19066
5.180201064324111 83.19407
5.185379925009035 83.16631
5.190571845300197 83.15936
5.1957741729496565 83.06615
5.200984234256492 83.14806
5.2062047548268024 83.20824
5.211438482095582 83.02037
5.216682742743985 83.27108
5.221934841741431 83.23717
5.227197526908306 83.12041
5.2324735681597705 83.06969
5.2377575274432315 83.14861
5.243054918378742 83.19624
5.248360281039197 83.1583
5.253679151509802 83.16354
5.259006047856955 83.18877
5.264346528768865 83.17393
5.269695090172387 83.10846
5.275057313497712 83.12257
5.280427672398043 83.24271
5.285811771185665 83.09082
5.291204061104941 83.07413
5.296610169491525 83.31316
5.302024525044644 83.1943
5.307452778265769 83.15428
5.312889335171593 83.15104
5.318339869573033 83.12049
5.323798764665735 83.14976
5.329271717714872 83.15993
5.334755934915977 83.14703
5.340248599252792 83.07453
5.345752585740526 82.83685
5.351270793031575 82.99954
5.356800404545567 83.43752
5.36233858020289 83.3159
5.367888219095726 83.12827
5.373452244249196 83.11592
5.379024922636174 83.1702
5.384612071007957 83.15453
5.390207932661211 83.0981
5.395818348696127 83.082
5.401437538586519 83.09722
5.407071367934985 83.03598
5.4127140322446206 83.02824
5.418371421775243 82.91614
5.424037707910146 83.26208
5.42971880572249 83.44492
5.435408862325442 83.15281
5.441113817762951 83.07374
5.44682779472649 83.12576
5.452556758389576 83.06902
5.458294806869155 82.84956
5.464047930628448 82.92077
5.469810203055764 83.32124
5.475587640065532 83.02696
5.481374290162029 83.11729
5.487176194873769 83.25853
5.4929873776643054 83.11355
5.49881390584051 83.01232
5.504649777667195 83.06145
5.510501086395289 83.11281
5.516361804931517 82.97758
5.522238052637974 83.06773
5.528123776902614 83.16499
5.534025123367255 83.11977
5.539936013739042 83.02968
5.545862620109521 82.97059
5.551798838341611 83.04203
5.557750867148078 83.25076
5.563712576382819 83.16434
5.569690191552786 83.03976
5.575677556336646 82.8554
5.581680923210024 83.29265
5.587694109508747 83.45386
5.593723394853104 83.16325
5.599762570067029 83.03761
5.605817942093021 83.09524
5.611883275072632 82.92432
5.617964903449655 83.09136
5.624056564511303 83.14005
5.6301646203833355 82.95361
5.636282781325192 82.82803
5.6424174373268485 82.99493
5.648562271445049 83.41592
5.654723701717849 83.1057
5.660895383822859 83.23431
5.667083764031699 83.04779
5.673282470464891 82.85704
5.679497977814744 83.19371
5.685723886465191 83.09706
5.69196669971802 83.17176
5.698219990039512 83.29235
5.704490289531405 82.81453
5.710771142559693 82.82374
5.717069110218232 83.22149
5.723377708588501 83.33043
5.729703527950353 83.09122
5.736040055914918 83.00845
5.742393912143671 82.95616
5.74875855558992 82.99917
5.75514063549414 83.16529
5.761533581962713 82.53636
5.767944074014258 83.13485
5.774365512717464 83.4941
5.780804607070039 83.34599
5.78725472891052 83.34338
5.793722617418479 83.11859
5.800201615008138 83.02998
5.806698491245531 83.11606
5.813206558924697 82.72984
5.819732618204589 82.48044
5.826269952061451 83.46466
5.832825391455494 83.5452
5.839392189345796 83.39958
5.845977207704063 83.11562
5.852573669271061 82.98711
5.859188467242157 82.92045
5.86581479393686 83.35542
5.8724595739882925 83.06134
5.87911596908996 82.59585
5.885790935528812 83.51039
5.892477604165746 83.21883
5.899182963159602 83.75638
5.90590011233022 83.43804
5.9126360719284 82.9054
5.919383910522592 82.96857
5.926150680677667 83.00303
5.932929419498454 82.52489
5.939727212088058 83.673
5.946537063873539 83.52985
5.9533660927224865 83.18208
5.9602072721680965 82.98112
5.967067753070802 82.69744
5.973940476851877 83.22241
5.980832627595083 82.92967
5.98773711438973 82.93388
5.994661154775557 83.37758
6.001597625287852 83.15124
6.008553777157161 82.70759
6.015522454140664 83.04238
6.022510941396753 83.21323
6.029512049678356 82.9282
6.036533098310978 82.5471
6.043566864815078 81.78367
6.05062070292481 83.45682
6.0576873566978335 83.50425
6.064774214520768 82.53513
6.071873986756027 82.98464
6.078994096688833 83.64635
6.086127220751746 83.10196
6.093280817377061 82.81155
6.100447528830715 82.68282
6.107634848942921 82.31741
6.114835385574003 83.2345
6.122056668205343 83.41824
6.1292912700504445 83.00932
6.13654675649753 82.78439
6.1438156658698135 82.95393
6.151105599720494 82.92603
6.158409061236757 82.70971
6.165733688397384 83.05075
6.173071949005487 82.77894
6.180431517728567 82.4317
6.1878048267352765 83.06384
6.195199587647515 83.17336
6.202608196746732 82.85344
6.210038402877483 82.72943
6.217482566178885 82.7217
6.2249484729890145 82.77484
6.2324284470471065 82.68031
6.23993031245827 82.6995
6.247446356301862 82.77428
6.254984440726204 82.77254
6.262536815888306 82.7284
6.2701113822585945 82.78464
6.27770035280676 82.81418
6.285311666606956 82.81205
6.292937499174052 82.87823
6.30058582847033 82.84778
6.308248792285768 82.75836
6.315934407757989 82.75526
6.323634774679408 82.7429
6.331357949653041 82.54957
6.33909599419846 82.14056
6.346857004676998 82.90865
6.354633004057433 83.08396
6.362432128755267 82.47232
6.370246362907839 82.45421
6.378083883283617 83.03739
6.385936634905146 82.74913
6.393812835195638 82.81714
6.401704389776733 82.54687
6.409619557031193 81.75821
6.417550202890849 83.51739
6.425504627005882 83.215
6.433474655326596 82.94633
6.441468629081556 83.01676
6.449478333944959 82.79403
6.457512153037872 82.95845
6.465561831460907 82.51662
6.473635794544926 82.30756
6.481725746516558 82.55895
6.489840155236977 82.94672
6.497970683755463 84.19168
6.506125842787276 83.31018
6.514297253897992 82.45007
6.522493470984036 82.74947
6.530706073817876 83.13573
6.538943659807534 82.72454
6.547197766619897 82.56686
6.555477035508397 82.82919
6.563772961718764 82.6599
6.57209423068708 82.7102
6.5804322949191825 83.19469
6.588795884374538 82.76888
6.597176408497163 83.24405
6.605582642114156 83.00981
6.6140059512825555 82.62396
6.622455156044912 82.38739
6.630921578742857 82.28754
6.6394140849858285 84.16056
6.647923953068316 83.53698
6.6564600945217345 82.93001
6.665013743258338 82.58598
6.673593857090326 82.58344
6.682191625209235 82.97442
6.690816052070606 83.2058
6.6994582818033335 82.76824
6.70812736587267 82.53416
6.716814402999461 83.23526
6.725528492028903 83.28947
6.734260685924856 83.07333
6.743020131286602 82.74712
6.751797834968507 82.7619
6.7606029917020365 82.83945
6.769426561875943 82.69489
6.778277788735994 82.59554
6.78714758584554 82.50967
6.796045245350825 83.39092
6.804961633626308 83.11235
6.81390609210902 82.75953
6.822869439617264 82.67664
6.831861067273336 83.07204
6.840871745968333 82.78722
6.8499109169085255 82.32182
6.858969302682886 82.22791
6.868056394984671 83.38232
6.877162867721899 83.12623
6.886298263482166 82.84344
6.895453207109764 82.79325
6.904637292498387 82.86686
6.913841095041808 83.02869
6.923074260356054 82.84451
6.932327313993526 82.81193
6.941609953713345 82.75962
6.950912654831579 82.50227
6.960245167675787 82.67564
6.969597916926574 83.14104
6.97898070590994 82.81753
6.988383908267678 82.72131
6.997817380758941 82.95409
7.007271445579078 82.87081
7.016756013359903 82.58228
7.026261354438349 82.78638
7.035797433763244 82.58257
7.045354469396742 82.54344
7.054942481053953 83.07398
7.064551634101439 82.94466
7.074192003474843 82.76881
7.083853701419817 82.72707
7.093546858551838 82.77354
7.103261533565751 82.65067
7.1130079132213035 82.57918
7.122776002228004 82.76626
7.132576043959492 82.70616
7.142397988700727 82.56715
7.152252136914132 82.74326
7.1621283840161345 82.67359
7.17203708803819 82.9518
7.181968089079387 82.93669
7.191931803225869 82.62471
7.201918014805703 82.51411
7.211937198450876 82.84047
7.221979082259787 82.82541
7.2320541999069965 82.64037
7.2421522227975705 82.60213
7.2522837441510335 82.63394
7.262438378210361 82.60619
7.272626778248155 82.4968
7.282838500871391 82.73526
7.293084259919688 82.62868
7.3033535538848735 82.55148
7.313657157693419 82.66213
7.323984511237557 82.51949
7.3343464510564385 82.38464
7.344732357952876 82.71549
7.355153130610603 82.66743
7.365598090247728 82.53721
7.376078198230626 82.50365
7.386582715691908 82.56171
7.397122667224903 82.54359
7.407687253370312 82.49348
7.4182820594041186 82.49561
7.428912734047896 82.48896
7.439573920722412 82.46056
7.450260200337497 82.33614
7.460977223874829 82.37836
7.471730706870556 82.59792
7.4825152325303845 82.50401
7.493325320470791 82.46184
7.504172319809814 82.41267
7.515045120330902 82.38793
7.525955137781424 82.35661
7.536891198192351 82.38309
7.547864784531105 82.37268
7.558864658528289 82.31936
7.569902370969122 82.20795
7.580966618729687 82.27261
7.592069021017884 82.37246
7.603198209294757 82.30025
7.614365871803013 82.30505
7.625560574021699 82.38142
7.636794073847798 82.3521
7.648054870204861 82.32706
7.6593489247040045 82.25054
7.670682268834402 82.20077
7.682049201988728 82.18375
7.693443954799478 82.10714
7.704872561407833 82.02511
7.716341127095083 82.02165
7.727843885188969 82.04743
7.739374999032578 82.08752
7.750940576638976 82.09618
7.762546798454011 82.07983
7.774187830597338 82.05315
7.7858577679502945 82.01622
7.797562793773179 81.9549
7.80930916508333 81.94908
7.821090979622929 81.98067
7.832902262612148 81.97306
7.844749273968454 81.90725
7.8566383487231795 81.93988
7.868563515044692 81.94164
7.880518727264703 81.91385
7.892510323403504 81.89729
7.9045447179856065 81.78554
7.916609601105793 81.72985
7.928717656778498 81.7038
7.940856500782174 81.68507
7.953038895927327 81.65683
7.9652523830043815 81.594
7.97750980435955 81.57265
7.989798625115452 81.57414
8.00213176790297 81.59475
8.014496621488949 81.56855
8.026906189547363 81.51093
8.039347783792996 81.46835
8.051834489710963 81.34628
8.064353541259248 81.20486
8.076918106511934 81.17288
8.089521884988033 81.16833
8.10215849604493 81.12643
8.114834648071794 81.09912
8.127557132662863 81.07222
8.140319572665783 80.98032
8.153115509263976 80.87215
8.16595173759204 80.841
8.178835137584365 80.83805
8.191752543539165 80.75938
8.204717548496035 80.73765
8.217716904583266 80.65626
8.230764292310656 80.51805
8.243846380869 80.44341
8.256976939089107 80.37164
8.270142552447176 80.27464
8.28335707895696 80.28681
8.296607019593267 80.32906
8.309906322426027 80.29482
8.323241403132036 80.27899
8.336626300722118 80.23907
8.350047344768445 80.18519
8.363518666119134 80.06703
8.377026507424977 79.99512
8.390585092279656 79.99925
8.404180575585519 79.88378
8.417827274602153 79.7881
8.431511255645951 79.76945
8.445246930575003 79.70773
8.459020276271602 79.60373
8.47284580013743 79.5867
8.48670938876173 79.55155
8.500625646047549 79.422
8.514580367421173 79.32471
8.528588254257684 79.28994
8.542635009939357 79.15543
8.556735434297106 79.08131
8.570875137776818 79.10082
8.585069019662383 79.00534
8.599302596559419 78.81631
8.613590868215507 78.72179
8.62791925648043 78.617
8.642302862589977 78.53455
8.656727012710672 78.50491
8.67120691060506 78.41666
8.685727785816901 78.32292
8.700304945688346 78.18466
8.714923522188629 78.07167
8.729598927306885 77.97964
8.744316194473592 77.90931
8.759090841407025 77.82854
8.773907802022036 77.66985
8.788782700863234 77.54169
8.803700371340081 77.52864
8.818676545936045 77.50378
8.833695956552349 77.35699
8.848774444739405 77.19198
8.863896639874062 76.94676
8.879078493717609 76.86211
8.894304532092873 76.81824
8.909590818132086 76.77177
8.924921773060658 76.71608
8.940313572558244 76.57421
8.955750532195475 76.4624
8.971248941392624 76.27322
8.986793008993983 76.02944
9.002399139370642 75.93516
9.018051433554547 75.88147
9.03376641209513 75.81613
9.0495280671113 75.65906
9.065353036575978 75.53049
9.08122520257943 75.47291
9.097161321781153 75.39108
9.113145165111964 75.1507
9.129193609199307 74.95494
9.14529031266833 74.88954
9.161452273414382 74.8783
9.177663036595012 74.8632
9.19393972269239 74.75047
9.210265762218569 74.49586
9.22665839958074 74.24786
9.24310094945133 74.18121
9.25961078152041 74.0601
9.276171093410115 73.94716
9.292799381471273 73.89154
9.309478725048269 73.77585
9.326226748550939 73.62349
9.343026411801363 73.5143
9.359895468687407 73.49375
9.37681675824691 73.23009
9.393808165285934 73.04133
9.410852406778448 72.98037
9.427967499910434 72.89725
9.44513603829436 72.78967
9.462376172979805 72.5649
9.479670372901795 72.29449
9.497036924479561 72.20972
9.514458170636098 72.16891
9.531952534689157 72.08289
9.549502232196147 71.92764
9.567125824925423 71.7802
9.58480539969597 71.62051
9.602559658302518 71.50571
9.62037055743313 71.29018
9.638256940508823 71.08409
9.656200632674265 70.9381
9.674220620601252 70.81242
9.69229859645824 70.66372
9.710453691817388 70.48349
9.728667464417398 70.28811
9.74695919240595 69.99238
9.765310297617363 69.74607
9.783740206476054 69.55726
9.802230203415881 69.35194
9.820799864865794 69.1226
9.839430336341247 68.87091
9.858141346030619 68.61405
9.876913898990777 68.3045
9.895767876952064 68.02577
9.914684142949916 67.82279
9.933682734067366 67.59824
9.95274436973251 67.379
9.971889244220543 67.06648
9.991097931742816 66.75568
10.010388781477417 66.55495
10.029750245177244 66.29809
10.049188769187419 66.02169
10.06870075901894 65.80789
10.08829070257076 65.53842
10.10795600249343 65.14478
10.127698120056163 64.86763
10.147517506243512 64.67233
10.16741461557717 64.36488
10.187389906150708 64.01649
10.20744383966474 63.69884
10.227576881462486 63.29827
10.247788450393992 62.83725
10.268082169711478 62.48233
10.28845430686529 62.36547
10.30890956787422 62.08067
10.329444194299736 61.68873
10.350062933557668 61.24638
10.370762001071716 60.73188
10.39154618621422 60.20879
10.412411678019492 59.88608
10.433363308386118 59.61015
10.454397239704589 59.19582
10.475517249615233 58.67432
10.496722765701707 58.2408
10.518014308285943 57.80204
10.539392401920152 57.39919
10.56085757542987 57.03869
10.58241036195759 56.6273
10.604051299006889 56.21857
10.625782057559436 55.64376
10.647599796758614 55.05174
10.66950959306277 54.49854
10.691507457647196 54.01437
10.713598513466778 53.65645
10.73577874332986 53.20435
10.758052159985576 52.64474
10.780418189670247 52.10108
10.802877411215741 51.54221
10.825430408287604 51.04449
10.848077769435607 50.52093
10.870820088144956 49.88644
10.89365796288814 49.38525
10.916591997177406 48.89302
10.939622799617943 48.42585
10.962750983961715 47.86871
10.985977169161968 47.35071
11.009301979428459 46.84061
11.032726044283377 46.30626
11.05624999861797 45.5937
11.079874482749911 44.99
11.103600142481397 44.47136
11.127427629158001 43.85168
11.151357599728264 43.316
11.175390716804088 42.90988
11.199527648721887 42.31672
11.22376906960454 41.76876
11.248115659424156 41.34043
11.272568104065645 40.78518
11.297127095391135 40.11006
11.321793331305225 39.50565
11.346567515821086 38.94334
11.371450359127458 38.39642
11.396442577656499 37.83255
11.421544894152545 37.19281
11.446758037741793 36.66936
11.472082744002883 36.29771
11.497519755038445 35.59804
11.523069819547574 34.87321
11.548733692899308 34.32405
11.574512137207044 33.81053
11.600405921404 33.07911
11.626414469584368 32.29345
11.65254261975726 31.69137
11.678785742631796 31.13604
11.70515007875225 30.53919
11.731630964185207 30.05031
11.758234703300936 29.27441
11.784956597183347 28.43027
11.81180301503359 27.81532
11.838769222609587 27.20217
11.865861654969695 26.38332
11.893076956651994 25.66299
11.920415965299192 25.00236
11.94788380874162 24.34476
11.975475662899461 23.52657
12.00319813211032 22.78767
12.031046355741918 22.14724
12.059027007758658 21.4603
12.087135190618351 20.64849
12.115377649042467 19.85561
12.143749448218385 19.05249
12.172257404779778 18.29958
12.200896546280015 17.48036
12.22967376244568 16.69238
12.258584042829531 15.72375
12.28763284159865 14.88571
12.316819639513785 14.07483
12.346145422283854 13.26085
12.375611185027886 12.43951
12.405217932387593 11.53547
12.434966678641539 10.70172
12.464858447820982 10.0497
12.494894273827356 9.205194
12.525075200551504 8.346825
12.555402281994585 7.646081
12.585876582390798 7.186787
12.616499176331853 6.607074
12.647271148893287 6.160677
12.678193595762643 5.701442
12.709267623369495 5.181391
12.740494349017434 4.678533
12.77187490101797 4.234509
12.80341041882644 3.839875
12.835102053179936 3.619474
12.86695096623725 3.371042
12.898958331720962 3.174496
12.93112533506162 2.858994
12.963453173544082 2.492869
12.995943056456065 2.133341
13.028596205238955 2.125924
13.06141385364085 1.994001
13.094397247871965 1.806719
13.127547646762372 1.568067
13.16086632192216 1.440287
13.194354557904019 1.356001
13.228013652368329 1.244113
13.261844916250785 1.088651
13.295849673932581 1.041895
13.330029263413241 0.8278436
13.364385036486107 0.6815535
13.398918358916557 0.5479846
13.433630610622993 0.4632235
13.468523185860636 0.3250862
13.503597493408218 0.2591126
13.538854956757573 0.0674089
13.574297014306222 -0.02109597
13.609925119552985 -0.05607399
13.645740741296677 -0.06423722
13.681745363837972 -0.1666269
13.717940487184427 -0.1800998
13.754327627258823 -0.07101884
13.790908316110787 -0.09784019
13.827682190083616 -0.2379512
13.8646565502738 -0.08568668
13.901825309663158 -0.1242349
13.939197776865226 -0.1355661
13.976767816535355 -0.1299283
14.014544855232554 -0.07829197
14.052522708876698 -0.1492404
14.090710924274546 -0.1810089
14.129103268202877 -0.2085232
14.167709410079247 -0.04536536
14.206523067131503 -0.01340064
14.245554033813818 -0.07394066
14.284795977401455 -0.2254314
14.324256768032269 -0.2196281
14.363936178158774 -0.08758035
14.403836029611407 0.006941204
14.443960250799146 -0.09684149
14.484304445595141 -0.01662604
14.524878866141476 0.007656068
14.565677001742783 -0.02209731
14.606709241328984 0.06199847
14.647969022475113 0.05425118
14.689466873709804 0.1659005
14.731196180495456 0.1661363
14.773165431383816 0.0629356
14.815374506740625 0.1437268
14.857825468095792 0.1708007
14.900520400674994 0.3251314
14.943461413741112 0.7554526
14.986650640941582 0.2925711
15.030090240661805 0.07071743
15.073782396384702 0.2888218
15.117729317056577 0.5776908
15.161933237459374 0.4244692
15.206396418589515 0.2974741
15.251121148043397 0.3621484
15.296109740409722 0.5411417
15.341364537668804 0.4073161
15.386887909598956 0.489583
15.432682254190166 0.5670161
15.478749998065156 0.4688454
15.525093596908022 0.3480939
15.571715535900589 0.4431638
15.61861833016666 0.547083
15.665804525224296 0.1727196
15.713276697446359 0.02588102
15.761037454529406 -0.1626779
15.809089435971213 -0.1327858
15.857435313556996 -0.2232237
15.906077791854655 -0.2658018
15.9550196087191 -0.250567
16.00426353580594 -0.268207
16.053812379094726 -0.3828461
16.103668979421926 -0.3150101
16.15383621302387 -0.5008707
16.20431699208986 -0.4532333
16.255114265325727 -0.2397219
16.306231018527953 -0.02552686
16.35767027516873 -0.1198885
16.40943509699207 -0.2957738
16.461525874802525 -0.4766237
16.513953878178214 -0.6244674
16.566711413354195 -0.5588773
16.619812644852054 -0.5564255
16.673249821471178 -0.6523247
16.727037332238268 -0.5664997
16.78117018455931 -0.4615952
16.835654549204307 -0.3541936
16.890493861150006 0.05795068
16.94569160027486 0.1223734
17.001251292095098 -0.04524085
17.05717650851537 -0.0875349
17.113470868594213 0.01993863
17.170135091188868 0.03620639
17.227181736431014 0.1033534
17.28460273760452 0.05031967
17.34241382121012 0.1262619
17.400606863564974 0.3338705
17.45919785461377 0.5118281
17.518178613947693 0.5590167
17.577565401726467 0.573873
17.637349981110397 0.4079863
17.69754888947881 0.5406281
17.75815383391438 0.2056704
17.819178461032397 0.2443026
17.880623947948788 0.5708833
17.942494663453523 0.7119182
18.004795037014258 0.4700466
18.067529559833424 0.5399127
18.13070278592753 0.474794
18.19431933322914 0.3967112
18.25838388471218 0.3933329
18.322901189541067 0.4729317
18.38787944538478 0.3964255
18.453313393913103 0.2551155
18.51921813342578 0.07393555
18.585595308698373 0.1876269
18.65245001796231 0.2305456
18.719787433069737 0.2633616
18.787612800827258 0.1820917
18.855931444358692 0.5589278
18.924748764497778 0.7168609
18.994070241211396 0.3678559
19.063901435054245 0.5411758
19.134247988655687 1.010481
19.20511562823966 0.9292549
19.276510165178486 0.8049302
19.348437497581447 0.4886567
19.420903611919076 0.3037903
19.4939145846841 0.5446127
19.567476584089956 1.126149
19.641595871807944 0.8685281
19.716278804743972 0.8797367
19.791531836856027 1.377559
19.867361521013407 1.714883
19.943774510898876 1.229235
20.020777562954834 0.6411892
20.098377538374837 0.4741347
20.17658140514152 0.8568815
20.255396240112326 0.7536872
20.33482923115434 1.353693
20.41488767932948 1.358144
20.49557900113156 1.133825
20.576910730776635 1.260648
20.65889052254804 1.985287
20.741526153197743 1.254283
20.82482552440555 1.422064
20.908796665297835 1.271996
20.993447735027424 1.269518
21.078787025416382 1.048095
21.164822963663596 1.607393
21.25156411511887 1.04288
21.33901918612554 0.5293204
21.427197026933555 0.3272539
21.516106634685126 0.05557071
21.60575715647494 -0.3950728
21.696157892487296 -0.5307911
21.787318299212213 -1.003475
21.87924799274309 -0.7719797
21.971956752158086 -0.894364
22.065454522987903 -1.717486
22.159751420772466 -1.474863
22.25485773470919 -0.7484622
22.350778935821303 -0.5632833
22.447535619749523 -0.440333
22.54513366671574 -0.9716399
22.64358409895065 -0.08580077
22.74289813205755 0.5733757
22.843087179271635 0.7241636
22.944162855832417 0.315837
23.046136983472692 0.9328873
23.149021595027776 0.9770693
23.252828939168737 0.7661863
23.35757148526359 0.1246525
23.463261928370414 0.8248644
23.569913194366695 2.411985
23.677538445219174 2.14804
23.786151084398735 1.570089
23.895764762445037 5.05948
24.006393382685676 3.297981
24.118051107115015 3.85905
24.230752362437777 3.115073
24.344511846282913 2.813636
24.45934453359332 2.070112
24.5752656831973 4.144418
24.692290844567708 4.931265
24.810435864775187 4.679034
24.929716895641963 6.074431
25.050150401103007 16.20936
