wavelength reflection
3.0339658 93.02853671
3.1108094 93.09306824
3.1841601  93.1073181
3.2575108  93.1073181
3.3308615 93.10813238
3.4042122 93.13011789
3.4775629  93.1386678
3.5509136 93.15291767
3.6242644 93.18426737
3.6976151 93.19851723
3.7693358 93.19196229
3.8465392 93.22623969
3.9184822 93.22530698
3.9910179 93.31251614
4.0643686  93.3381659
4.1429058 93.31251614
4.2110701 93.39944031
4.2844208 93.42081511
4.3584507 93.50702678
4.4336691 93.47603333
 4.503219 93.51574112
4.5810837 93.53310403
4.6516537 93.52525822
 4.724525 93.51771418
4.7988346 93.52525822
4.8712265 93.51771418
4.9440338 93.54336393
5.0161814 93.58367069
 5.087517 93.61834014
5.1646293 93.61729558
  5.23798 93.64453797
5.3113307 93.66021282
5.3862096 93.71489667
5.4615978 93.72611843
5.5313829 93.76993677
5.6028159 93.77873815
5.6786276 93.82038128
 5.751435 93.81796719
5.8247857 93.86541085
5.8981364  93.8711108
5.9714872  93.8711108
6.0448379 93.91671036
6.1181886 93.95233502
6.1929775 93.95338281
6.2643467 93.96914986
6.3382407 93.97085984
6.4110821 93.98261598
6.4833121  94.0170294
6.5582929 94.00790949
6.6316436 93.97940976
 6.703556 94.03221808
 6.778345 94.02928429
6.8516957 94.00933448
6.9250464 94.07630884
7.0003148 94.19969589
7.0717478 94.28008189
7.1399121 94.26855245
7.1665851 93.99806413
7.2347494 94.06063399
7.3086095 94.12368963
7.3814509 94.12333339
7.4548016 94.10908352
7.5281523 94.18745777
 7.601503 94.23163235
7.6748537 94.22735739
7.7492911 94.29233677
7.8215551 94.33484208
7.8925772 94.38980584
7.9704793 94.47141869
8.0396896 94.52258104
8.1160447 94.77455216
8.1831223 95.03571329
8.2616594  95.3445467
8.3350101 95.50699515
8.4083608 95.62099406
8.4817115  95.6067442
8.5550622 95.52409499
 8.628413  95.4499957
8.7017637 95.42434594
8.7751144  95.3559466
8.8484651 95.29039722
8.9218158 95.24194769
8.9951665  95.1877982
9.0685172 95.13079875
9.1418679 95.17354834
9.2152187 95.22484785
9.2885694 95.30749706
9.3619201 95.41579602
9.4352708 95.44714572
9.5086215 95.45569564
9.5819722 95.51554507
9.6553229 95.52694496
9.7286736 95.50699515
9.8020244 95.43004589
9.8753751 95.40439613
9.9487258 95.36164654
10.022076 95.29039722
10.095427 95.21059799
10.168778 95.11369891
10.242129 95.05669946
10.315479 95.05099951
10.389571 94.98208199
10.462181 94.98830011
10.540718 94.89813734
10.607252 94.89767098
10.682233 94.92275074
10.755584 94.96265036
10.828934 94.93415063
 10.90147 94.88997605
10.973413  94.8608286
  11.0438 94.89347375
11.122337 94.88285112
11.195688 94.92845068
11.269039 94.91420082
11.342389 94.95125047
 11.41574 94.91705079
11.491536  94.8745862
11.559996 94.95153546
11.635792 94.94555052
11.709958 94.87715118
11.782494 94.94840049
11.855844 94.95980038
11.929195 94.93659346
12.002546 94.97690022
12.075896 94.99400006
12.149247 94.97690022
12.222598 94.95695041
12.295949 95.01964981
12.369299 94.99115008
 12.44265 94.94555052
12.516001 94.97120028
12.589351 95.03389968
12.662702  95.0310497
12.736053 94.99115008
12.809404 94.99685003
12.882754     94.9997
12.956105 95.04244959
13.029456 95.10514899
13.102806 95.11939886
13.176157  95.0310497
13.250323 95.06695936
13.328971 95.01181239
13.399469 94.95923039
13.463291 95.03894194
13.542911 95.11084894
13.616261  95.2191479
13.689612 95.12224883
13.762963 95.06809935
13.836314 95.08519919
13.909664 95.05384948
13.985238  94.9750866
14.050544  95.0090642
14.129716 95.17069837
14.203067 95.18114827
14.276418  95.2191479
14.349769  95.1877982
14.423119 95.23909771
 14.49647 95.26474747
14.569821 95.28469728
14.643171 95.29039722
14.716522 95.27044741
14.789873 95.14504861
14.863224  95.2191479
14.937828 95.06459169
15.009925 95.06952433
15.083276 95.27329739
15.156626 95.30464709
15.229977 95.33314681
15.303328 95.30464709
15.376679 95.26759744
15.450029  95.2818473
 15.52338 95.37874638
15.596731 95.27899733
15.670081 95.34169673
15.743432 95.43289586
15.816783  95.3559466
15.890133 95.32907542
15.963484 95.38444632
16.036835 95.39014627
16.110186 95.39014627
16.183536 95.39869619
16.256887  95.4385958
16.330238 95.46139559
16.403588 95.41009608
16.476939 95.40154616
16.552208 95.48067481
16.626086 95.72615805
16.690879 95.45427065
16.770342 95.41009608
16.843693 95.40154616
16.917043 95.43004589
16.990394 95.46709553
17.063745 95.44144578
17.137096 95.45284567
17.210446 95.47279548
17.283797 95.46709553
17.357148 95.46709553
17.430498 95.47564545
17.503849 95.50129521
  17.5772 95.48989531
17.650551 95.47279548
17.723901 95.52409499
17.797252 95.53264491
17.870603 95.52409499
17.943953 95.57824447
18.017304 95.59534431
18.090655 95.62384403
18.164006  95.6380939
18.237356 95.56114463
18.310707 95.56114463
18.384058 95.70934321
18.457408 95.71219319
18.530759 95.60104425
 18.60411 95.56114463
18.677461 95.59534431
18.750811 95.62099406
18.824162 95.70649324
18.897513 95.69224338
18.970863 95.68084349
19.044214 95.67799351
19.117565 95.60959417
19.190916 95.61814409
19.264266 95.75209281
19.337617 95.83759199
19.410968 95.67799351
19.484318 95.59249433
19.557669 95.69224338
 19.63102 95.80244232
19.704371 95.78914245
19.777721 95.65424374
19.851072 95.65234376
19.924423 95.84329193
19.997773 95.92594114
20.071124 95.92594114
20.144475 95.92879112
20.217826 95.94304098
20.291176 96.00194042
20.364527 96.02569019
20.437878  95.9495552
20.511228  95.8261921
20.584579 95.78344251
 20.65793 95.91942692
20.731281 96.06843978
20.807891 96.23658817
20.877982 96.43394878
20.951333 96.51873547
21.024683 96.47313591
21.098034 96.44178621
21.171385 96.44178621
21.244736 96.44463618
21.318086 96.45888605
21.391437 96.41898643
21.464788  96.3904867
21.538138 96.44178621
21.611489 96.52443542
 21.68484 96.61563455
 21.75819 96.58143487
21.831541 96.40473656
21.904892 96.33796577
21.974168 96.32315609
