wavelength transmission
2.5001837635066173 0.08071272
2.5013901475745146 0.02831884
2.502597070109506 0.04268431
2.503805784792885 0.09449312
2.5050150401103006 0.05547771
2.5062260921694723 -0.01189992
2.50743768703918 0.04464733
2.5086510832606246 0.1004911
2.5098650244787137 0.05953934
2.5110807716752097 -0.04567334
2.5122970660641175 -0.0648248
2.5135151710748698 -0.01735849
2.514733825483508 0.004394239
2.515954295174274 0.04128824
2.5171753164781596 0.05248794
2.51839815774138 0.02778732
2.519621552842763 0.01996763
2.52084677259769 -0.006709831
2.5220725484256845 0.01401745
2.5233001536185133 -0.01693722
2.524528317129228 -0.0704293
2.5257576767878827 -0.04456453
2.5269888729098957 0.002951512
2.5282212699255435 0.01428449
2.5294542297786577 0.004800803
2.530689033233768 -0.04276338
2.531924401801211 -0.06296314
2.53316161875107 -0.05259462
2.534399403098252 -0.03906435
2.5356383976793833 -0.005567897
2.5368792478457456 0.03551616
2.5381213130615277 0.05318408
2.539363950275191 0.06311966
2.540608450317767 0.05091256
2.5418535246738987 0.006458267
2.5431004667097974 -0.01903865
2.5443479853852646 -0.06134665
2.545596728602732 -0.03081092
2.5468473468090425 0.0504771
2.54809919444392 0.01499666
2.5493516234016207 0.01287491
2.5506059346988765 0.003724382
2.551860829676304 -0.005578896
2.553116960075123 0.04514729
2.554374980203594 0.08599907
2.5556335875677627 0.0619997
2.556894089611467 0.05186537
2.558155835690674 0.07589031
2.5594181725856626 0.05911417
2.560682411619967 -0.01475255
2.5619472438699646 0.09068093
2.5632133262486114 0.04635425
2.5644813182664925 0.001379544
2.565750565427281 0.006228333
2.567020410635987 0.04668573
2.568292173026871 0.07944982
2.5695645358981016 0.1004526
2.5708388210030337 -0.03108155
2.572113709031694 -0.08267253
2.573389862130638 -0.07253944
2.5746679450751238 -0.06547881
2.575947298179037 -0.07166696
2.5772272591265413 0.06351605
2.578509157575273 0.03005094
2.5797916663441924 -0.02834964
2.581075451546245 -0.06142497
2.582361181946713 0.02878827
2.5836475264029404 0.1437849
2.584935821213431 0.1674863
2.5862254014403723 0.1584045
2.58751559948467 0.1905921
2.5888077556538267 -0.01320622
2.5901005321620554 -0.09064387
2.591394600466555 -0.08014394
2.5926906347088163 -0.03293602
2.5939872930938463 0.0451174
2.5952859226500986 -0.1453493
2.5965858531251604 -0.1357341
2.5978864115732723 -0.03426561
2.5991889490803293 -0.044326
2.600492117128246 -0.08751941
2.601796592583111 -0.09845441
2.603103055027776 -0.1691767
2.6044101518865954 -0.09106355
2.605719241047791 0.1070834
2.6070296468804415 0.0440449
2.608340691027699 0.06882962
2.6096530544553693 0.1246512
2.6109674208707156 0.09275728
2.6122824295271507 -0.01660128
2.6135994465441814 -0.096599
2.614917108435121 -0.06695722
2.6162367840798852 0.03026342
2.617557792404109 0.1060399
2.6188794495743926 -0.03168514
2.62020244208108 -0.1953455
2.621527459189371 -0.08780376
2.622853129142469 -0.03578327
2.6241808291519195 -0.0539915
2.6255091846875054 -0.05507204
2.626839575754901 -0.05309109
2.6281713157703153 -0.02547783
2.629503715357275 -0.06318863
2.63083746659823 -0.2223414
2.6321732643844324 -0.1912335
2.633509725814769 -0.1585549
2.6348482393285355 -0.05299396
2.636188114165926 -0.01371429
2.637528656748856 -0.01647338
2.638870563398865 0.01230121
2.6402145332721156 0.06143273
2.641559175019937 0.1162801
2.6429058855928327 0.05012552
2.6442532708090836 -0.01636433
2.6456027304736662 -0.08676828
2.646953568199288 -0.1207059
2.6483050847457625 -0.005951511
2.6496579821476645 0.01722858
2.6510129653091092 -0.01397609
2.6523686314971426 0.04085612
2.6537263891328844 0.1208108
2.655084832615487 0.04203533
2.656445373255811 0.02172008
2.6578073089700998 0.005005326
2.6591699347865165 0.04946442
2.6605339585233403 0.06338657
2.6619000909038877 0.03209751
2.663266917670696 0.01358781
2.664635858857436 -0.01111928
2.6660054973033356 -0.2112718
2.6673772559676565 -0.1476351
2.6687497147773747 -0.01798117
2.670124299626396 0.1418848
2.671499587520464 0.1942862
2.672877007297222 0.04915173
2.6742551330321587 -0.02584453
2.6756353965157875 0.01327636
2.677016368884289 -0.006016674
2.6783994848902113 0.02766826
2.6797833127213337 0.110018
2.681169290101445 0.127817
2.682555982260794 0.06426392
2.6839448299036546 0.03816232
2.6853343952935758 0.04904679
2.686726122124598 0.1143346
2.688118569684366 0.07948581
2.6895131846660094 0.003614001
2.6909085233720207 0.00484033
2.6923060355039783 0.06002905
2.693704274369942 0.06183279
2.69510469268934 0.04159463
2.6965058407664766 0.07292752
2.6979091743480637 0.03290184
2.6993132407252944 -0.02203446
2.7007194986816434 -0.06761769
2.7021264924857915 -0.07902149
2.7035356839674924 0.01073136
2.704945614363478 0.06592895
2.7063577485593378 0.008520056
2.7077706247503777 -0.06575324
2.7091857108876214 -0.08323511
2.7106015421154295 -0.00728433
2.7120195894598984 0.001026005
2.7134383850048884 0.007244512
2.714859402861245 0.01770277
2.7162811720427302 0.05099002
2.7177051697546593 0.05174814
2.7191299219310605 -0.05003612
2.7205569088814756 -0.05776808
2.721984653450524 0.08109106
2.7234146390617733 0.1418595
2.7248453854607155 0.01805959
2.726278379194788 -0.1372394
2.7277121369005988 0.02033492
2.729148148259336 0.1031792
2.7305849267889224 -0.001788954
2.732023965314224 0.04732016
2.7334637742246395 0.1345925
2.7349058494986784 0.07752354
2.736348698387333 -0.03313788
2.737793820032766 -0.05727471
2.7392397185376405 0.0142775
2.7406878962178234 -0.1190826
2.7421368540176827 0.03266493
2.7435880974368847 0.1296476
2.745040124251496 0.1143928
2.7464944431551177 0.04201043
2.747949548745465 0.001902341
2.749406952920255 -0.01482188
2.7508651470887595 -0.006367049
2.752325646363036 0.0107514
2.753786938953776 0.006466372
2.7552505431976444 0.1556201
2.7567149440965775 0.1340813
2.758181663222157 0.009356594
2.759649182357342 0.01383547
2.761119026318987 0.01590737
2.7625896736608073 0.02891477
2.764062652455331 -0.02134862
2.7655364380167233 -0.0489761
2.7670125616836274 -0.04489182
2.768489495520307 -0.007765017
2.769968774142009 0.02208115
2.771448866352699 -0.120363
2.7729313100547603 -0.1059126
2.7744145707814196 -0.03202403
2.775900189732778 -0.001875428
2.7773866291608376 -0.006375629
2.778875433574039 -0.07415269
2.7803650619326317 -0.07985949
2.781857062064066 -0.0450169
2.78334988962626 0.002390175
2.784845095776393 0.0612146
2.786341132859432 0.0291325
2.787839555373045 0.008241096
2.7893388123385843 0.01072534
2.790840461605012 0.02223182
2.7923429488593556 -0.01991239
2.793847835312728 -0.03007398
2.795353563307071 -0.04951676
2.796861697426552 -0.01623791
2.7983706766572234 0.06264177
2.799882068967255 0.06271984
2.801394309975961 0.02346808
2.8029089710465107 -0.1255714
2.8044244844205806 -0.1602766
2.8059424248673843 -0.007978266
2.807461221240016 0.03275428
2.8089824517248276 0.05146437
2.810504541775339 0.06816672
2.81202907300618 0.02588044
2.813554467460258 0.02216822
2.8150823101916678 -0.02311574
2.8166110198216185 -0.02452369
2.8181421848549095 0.05994978
2.8196742204799143 0.1539245
2.8212087186634243 0.1619887
2.822744091149794 0.1189387
2.824281933379143 0.06538904
2.825820653640575 0.03310709
2.8273618508589244 0.001100859
2.8289039298567613 0.02066607
2.8304484930550697 0.09836165
2.8319939417985593 0.06727615
2.8335418820158496 -0.08815742
2.8350907115624073 -0.09638513
2.8366420398860237 -0.01586373
2.8381942613414948 0.02815744
2.839748988907372 0.004231767
2.8413046134263005 -0.01450439
2.8428627514192284 -0.007327866
2.84442179020512 -0.03240512
2.84598334985901 0.02041075
2.847545814164604 0.09670192
2.8491108067627633 0.07744981
2.850676707890303 0.08658659
2.8522451447657025 0.06861649
2.853814494067205 0.0865169
2.8553863866027553 0.04523238
2.856959195480291 -0.006664858
2.858534555109116 0.02160929
2.8601108350150786 -0.02025218
2.861689673220795 -0.04440811
2.863269435658184 0.01964189
2.8648517639751767 0.02120698
2.8664350204978772 -0.05022466
2.8680208505115834 -0.05039257
2.8696076127246433 0.03212665
2.8711969560718353 0.117202
2.8727872356317543 0.1073409
2.8743801040008212 0.01040857
2.8759739126158337 -0.01341611
2.87757031774707 -0.0007037673
2.879167667177431 0.01967074
2.8807676208633257 0.03789581
2.8823685229216034 0.03281724
2.883972037007129 0.008165539
2.885576503558493 -0.02953756
2.887183589941399 0.02029065
2.8887916329039145 -0.02225058
2.8904023035350197 -0.06785806
2.892013934879944 0.02364505
2.893628201763435 0.0573503
2.8952434335155117 0.05701659
2.8968613087092394 0.006215755
2.8984801529470006 -0.04078576
2.900101648562782 -0.03759397
2.901724117418847 -0.004877776
2.9033492456227656 -0.002571241
2.9049753512841443 -0.0237835
2.906604124296856 -0.05658346
2.908233879005256 -0.05443254
2.9098663091022945 -0.0361612
2.9114997251544263 -0.03334877
2.9131358246665116 -0.04137858
2.9147729144143972 -0.03039466
2.916412695727747 -0.01797202
2.9180534715790345 -0.000514064
2.9196969471356753 -0.0743422
2.921341421553949 -0.07551183
2.9229886038520316 -0.02394766
2.9246367893571295 -0.02013024
2.926287690951245 -0.02528653
2.927939600119577 0.02435539
2.9295942336210783 0.09646112
2.9312498790859425 0.1161603
2.9329082571632616 0.09763436
2.9345676516151715 0.02838611
2.9362297869941463 -0.04380338
2.9378929431811507 -0.0308454
2.939558848645348 -0.04051964
2.94122577937336 -0.03002463
2.942895467764406 0.002842416
2.9445661858975307 0.04627866
2.9462396701154363 0.05422614
2.947914188576302 0.02270233
2.949591481579801 -0.002717456
2.9512698133498922 0.07512426
2.9529509281567705 0.09078201
2.9546330862767634 0.05688463
2.9563180359642 0.04123793
2.9580040335343 0.07866912
2.959692831239203 0.06310187
2.9613826814194857 0.0284237
2.9630753403388335 -0.01074661
2.9647690563495868 -0.067171
2.9664655897407757 -0.06226064
2.9681631848628425 0.03396825
2.969863606044029 0.00445717
2.9715650936191587 -0.02290599
2.9732685319367693 0.01473401
2.9749748094008015 0.01553062
2.9766830463612433 -0.02095756
2.978392359113106 -0.0450386
2.9801045241860815 -0.02428309
2.981817769785181 -0.0160074
2.983533876535401 0.03926991
2.98525106857062 0.0606528
2.9869711306253253 0.03310232
2.9886922827482216 0.01655959
2.9904163137975415 -0.01310707
2.9921414397227117 -0.05212018
2.993869453520027 -0.07005314
2.9955985670254694 0.01878466
2.9973305773877783 0.08958044
2.9990636923152594 0.03844045
3.0007997131235475 0.0269486
3.002536843378971 -0.005150472
3.0042768885785804 -0.05555723
3.0060180481323613 -0.03863223
3.007762131733364 -0.02597447
3.0095073346208006 -0.02863646
3.011254563932699 -0.008268148
3.013004731020029 0.02716905
3.0147569337148408 -0.010269
3.016510265636911 -0.02824169
3.018266549155489 0.02839323
3.0200239669102014 0.06185685
3.021784345525327 0.004633931
3.0235458634113157 -0.01468738
3.0253094362124093 0.005692095
3.0270759838451005 0.01536872
3.028844595738597 0.02196609
3.030614357050618 0.04472193
3.032387107260384 0.05028803
3.0341610120019276 0.06899145
3.035937915069637 0.04672706
3.037715977808877 0.0256176
3.039496124490467 0.01897438
3.0412792837179032 0.08122477
3.0430645363997684 0.07753343
3.0448509591128277 0.03258158
3.0466404086885306 0.005324706
3.04843103351567 0.002882654
3.0502237644153576 0.03092855
3.052019536587458 -0.005549587
3.0538164918916593 -0.03766163
3.0556164981290466 -0.01021514
3.0574186275675816 0.03136099
3.0592219480819445 0.04459705
3.0610283341026716 -0.02167668
3.0628359165291457 -0.01934419
3.0646456350252222 0.02946253
3.0664584336959626 0.02024721
3.068273378248765 -0.03494736
3.0700895299508724 -0.04389984
3.0719087765969704 -0.0264304
3.073729235806364 0.01388607
3.075552799860247 0.01653966
3.0773775819197913 0.02658321
3.0792045306183784 0.04040483
3.0810345990942376 0.06070102
3.082866844198692 0.02715078
3.084700318279379 0.001049142
3.08653692717347 -0.03061578
3.088374770572359 -0.009316297
3.0902148039212354 -0.005269588
3.092057987218669 -0.04454394
3.0939024133676383 -0.03151976
3.095749999613031 -0.000554546
3.0975997938237576 -0.008067127
3.099450839300293 -0.007921569
3.1013050601823755 0.004204244
3.1031605379763234 0.01714473
3.105018237324617 0.01555076
3.1068791274889205 0.08512343
3.1087412830894423 0.05186949
3.1106066398387218 0.04777095
3.1124742364945073 0.08954687
3.1143431071801184 0.07728454
3.1162151946029644 0.04654789
3.1180885618221863 0.06687199
3.1199641828111813 0.03409492
3.1218430362296132 0.001325276
3.123723178150931 -0.02999294
3.1256065630236365 -0.0710142
3.127492220363102 -0.07723757
3.129379174982992 -0.01771368
3.131268407944153 0.003075139
3.1331609050448592 -0.008362098
3.135054708272187 0.01396747
3.136951786305825 0.06330537
3.13885017640338 0.05069456
3.1407518520228486 0.05973548
3.142655833303478 0.04695435
3.1445611356142305 0.02564976
3.146468749587026 0.05737359
3.148379670660596 0.07852894
3.150291921800933 0.01678682
3.152207490905881 -0.04940606
3.154124396142884 -0.03927374
3.156044630258325 0.02951005
3.1579672038789943 0.03286748
3.1598911227914726 0.02511453
3.161817387339704 0.01301347
3.163747002745183 0.02373335
3.165677972674501 -0.003956495
3.1676123045266444 -0.004985038
3.169549001702998 0.01170252
3.1714870627113996 0.04968971
3.173427495273973 0.07974792
3.175371312044374 0.05037377
3.1773165020287166 -0.02829482
3.179265087440917 -0.05488304
3.1812150523643905 -0.03078512
3.183168423987848 0.01780518
3.1851241959552112 0.02719519
3.187081356944507 0.04623411
3.189040924643282 0.02673302
3.19100392174382 -0.01350467
3.192968317452573 0.02384077
3.1949361539933663 0.07003471
3.196905395577081 0.07093333
3.198878089476459 0.06113138
3.2008532194341726 0.008210216
3.2028297641532246 -0.01070296
3.204808751435354 0.004458989
3.206791214161703 0.03312397
3.2087751014454247 0.03205702
3.210762475818945 0.01877956
3.2127512813255295 -0.003745571
3.2147435856221236 -0.0182551
3.216737327663298 0.02460553
3.2187345802496514 0.02201506
3.22073327722816 -0.017807
3.222735496562308 -0.02602715
3.2247391669724794 -0.02368473
3.226746371604374 -0.01398685
3.2287550340326923 -0.03818188
3.2307672426047738 -0.02645511
3.2327809157304537 -0.003218066
3.2347981469782296 -0.003410071
3.236816849573792 -0.001353587
3.2388391223264192 0.004913328
3.240862873258279 0.02993626
3.2428902064391476 0.02646881
3.244919024668199 -0.008828115
3.2469514372955235 -0.01198456
3.2489853418777317 -0.02569814
3.2510228530651455 -0.0002682279
3.2530618631521455 0.009287768
3.255104492109301 -0.01562631
3.257148626948996 -0.00403179
3.259196392982168 0.04154011
3.2612456719193372 0.07632807
3.2632985944320296 0.09672263
3.265353036908938 0.01575392
3.2674111354024977 0.02613296
3.269470760959511 0.03762716
3.271534055033746 -0.01067214
3.2735988833099485 -0.002102649
3.2756673926637494 -0.03761984
3.2777374433975717 -0.04134484
3.2798111878295386 -0.004926383
3.281886480859382 0.02974528
3.2839654802684577 0.04578447
3.2860460355333303 0.03090423
3.288130309919434 -0.003814135
3.2902161474595912 -0.02452977
3.292305716924262 -0.002350103
3.2943968568818467 -0.01389673
3.296491741628889 -0.01450759
3.2985882042485817 0.001478282
3.3006884245847155 0.01644551
3.3027902302143874 -0.0226643
3.3048958065499074 -0.02842942
3.3070029756412778 -0.01299936
3.30911392849071 0.04049602
3.311226481600011 0.07319678
3.3133428315827844 0.05040156
3.3154607893714285 0.02971076
3.3175825572125404 -0.04389903
3.319705940447795 -0.05116841
3.3218331469784936 0.01796377
3.323961976534158 0.06250932
3.3260946426926203 0.02356517
3.3282289395497107 0.01807061
3.330367086381729 0.01909621
3.332506871629169 -0.03105959
3.3346505202888475 -0.06182279
3.3367958151241606 -0.02226835
3.3389449868746075 -0.0321815
3.3410958126046175 -0.01149497
3.3432505288186523 0.003843209
3.345406906860192 -0.003231945
3.3475671890210505 -0.00993116
3.3497291409016667 -0.02247268
3.3518950106037195 -0.02050174
3.354062557962394 -0.006806383
3.3562340369118617 0.01184154
3.3584072014997304 -0.01671758
3.360584311515412 -0.008837021
3.3627631151964947 0.05457829
3.364945878210495 0.06291878
3.367130342962428 0.0190454
3.3693187810208967 -0.01291697
3.3715089289356723 0.02795286
3.3737030641995456 0.03052354
3.3758989174842533 0.006242536
3.3780987722300013 -0.03760725
3.3803003532075837 -0.02870039
3.382505949827966 -0.004684704
3.3847132809379716 -0.02858826
3.386924641942794 0.002895063
3.3891377457421417 0.01958643
3.3913548937590257 -0.001096657
3.39357379292277 -0.0002368577
3.3957967506979214 0.008430126
3.3980214680200307 -0.002054378
3.4002502584190197 -0.002867992
3.402480816813154 0.02178188
3.4047154628216987 0.01154876
3.4069518853219996 0.006297091
3.4091924100467534 -0.04371339
3.411434719808632 -0.08567399
3.4136811464779857 -0.05489777
3.4159293667789257 -0.04046435
3.418181718743804 0.001259001
3.4204358729841666 0.04229698
3.4226941737188428 0.02794012
3.4249542854226753 0.02223396
3.427218558525583 0.03049224
3.429484651341443 0.0007319257
3.431754920535999 -0.0196403
3.434027018237774 -0.01534981
3.4363033073732074 -0.005487121
3.4385814338609495 0.001274567
3.440863766913136 -0.007231787
3.443147946213897 0.0009358263
3.4454363472862024 0.02260892
3.447726603554882 0.05238898
3.4500210968790075 0.06021145
3.4523174543992017 0.001082261
3.454618064336043 -0.01671702
3.456920547520904 -0.02323573
3.459227298561411 -0.03060397
3.4615359319545114 0.02142285
3.4638488487205583 0.06034615
3.466163656996763 0.02194642
3.468482764242024 0.01562338
3.470803772208372 0.0001765491
3.473129094819203 0.03787658
3.4754563274157895 0.1010417
3.477787890412121 0.0797893
3.4801213727129943 0.01882896
3.482459201249228 -0.02574999
3.484798958463287 -0.02014512
3.4871430778291974 -0.008385783
3.489489135301103 -0.0007748998
3.491839570922753 0.0008675939
3.494191954133839 -0.0191592
3.496548731574499 0.006297128
3.4989074661436965 -0.02199482
3.50127061110477 -0.03537286
3.503635722789539 0.02006149
3.506005261111495 0.03158791
3.50837677580876 -0.01420423
3.5107527334720783 -0.01396141
3.5131306772191744 0.007880508
3.515513080345294 0.002926992
3.5178974793209195 0.03506251
3.520286354173194 0.03320787
3.522677234698371 0.01344934
3.525072607683037 0.04490344
3.5274699962220795 0.05161051
3.529871893889227 0.02066557
3.5322758170507194 0.007328427
3.5346842660952733 -0.007841191
3.5370947506330515 -0.03353232
3.5395097778957614 -0.01585727
3.5419268507099084 0.01667129
3.5443484831783447 0.01717403
3.546772171316189 0.004071339
3.5492004361257496 -0.009746502
3.5516307667828757 -0.00488586
3.5540656912177973 -0.03081186
3.556502691739062 -0.03918607
3.558944303233443 0.0412515
3.561388001114002 0.01889826
3.5638363272528344 -0.007829075
3.5662867501391746 0.02925686
3.5687418186593804 0.03141343
3.5711989943503637 0.01412658
3.5736608331418447 0.02063435
3.5761247895897577 0.02727078
3.5785934266964503 0.0134975
3.5810641920080672 0.009142669
3.5835396556290062 0.02272899
3.5860172580666565 0.00669724
3.58849957655705 -0.01748849
3.5909840445396934 -0.00875575
3.5934732464120067 0.05530479
3.595964608516323 0.0595562
3.5984607224413687 0.006922558
3.6009590074028517 -0.009812815
3.6034620622108897 -0.02674101
3.6059672989249525 0.009586683
3.6084773236068033 0.02207679
3.6109895411298933 -0.004855911
3.6135065648380515 0.001097823
3.6160257923887715 0.01914498
3.6185498444385424 0.04257955
3.6210761113987853 0.03734403
3.6236072212694146 0.01076238
3.6261405571855057 -0.0006614333
3.6286787545213337 -0.0228989
3.6312191891051806 -0.0709459
3.6337645037167956 -0.04907867
3.6363120668470517 0.01969559
3.6388645287124604 0.04746933
3.6414192504356957 0.004745113
3.6439788897014957 -0.0374619
3.646540800233379 -0.03626
3.6491076472159496 -0.02602427
3.6516767769424368 -0.01297969
3.6542508621291345 -0.001840411
3.6568272416076733 0.00304528
3.659408595658039 0.04114905
3.6619922556187783 0.04629293
3.664580909365753 0.07432204
3.667171880712766 0.07583322
3.669766518444797 0.02830381
3.672366178976438 -0.03332285
3.6749695253152113 0.001554712
3.6775752128488595 0.02238515
3.6801859524358047 0.02222507
3.682799045123864 0.04694581
3.68541720949791 0.05878299
3.688037738952575 0.03481622
3.690663359832296 0.03260601
3.693291357845954 -0.004226155
3.69592446713085 0.004346385
3.698559965677364 0.04467019
3.7012005954491514 0.06582108
3.703843626685156 0.08429873
3.706491809209075 0.03997374
3.7091424054752875 -0.002814847
3.711798173201411 0.01446218
3.714456367023948 0.03974635
3.7171197525885096 0.01168484
3.7197855766802177 -0.05378142
3.7224566129069476 -0.07350358
3.7251301001687485 -0.03180043
3.7278074304148827 0.01738704
3.730490003592462 0.007243845
3.7331764403714653 0.006696539
3.735865353435278 -0.002168548
3.7385595404861696 -0.01260137
3.741256216564861 -0.0376923
3.7439581874749623 -0.01475855
3.7466626602353954 0.02767099
3.7493710430075353 0.03223824
3.75208475209038 -0.008761059
3.7548023922597 -0.02480997
3.757522560165451 -0.005150308
3.7602480861277305 0.01177644
3.7629761528912264 0.01795113
3.7657095990197105 0.05837886
3.7684455990961756 0.05549073
3.771185577779571 0.04621948
3.773930968009519 0.02452487
3.7766803583918596 0.00161816
3.7794323292641443 0.02759757
3.7821897441386456 0.03691101
3.7849497528995553 0.009363884
3.787713792770391 -0.0006796038
3.7904833093648436 0.01887737
3.79325544009729 0.03307384
3.7960330695216884 0.004701111
3.798814769791825 0.0167072
3.8015991046473787 0.02406841
3.804388971380723 0.03241694
3.8071814864378677 0.04427952
3.809978104055836 0.007944048
3.8127802870108494 0.009611393
3.8155851390590003 0.01337794
3.818395578908863 0.01249434
3.821210161973456 0.01102998
3.8240274351024306 0.01615343
3.82685032997017 0.03613366
3.829675928993213 0.02976525
3.8325057037266133 2.154831e-05
3.835341134417201 0.0130024
3.838180763728885 0.009688644
3.841023125647933 -0.006210073
3.843871178038888 0.002989443
3.846721977399739 0.03251679
3.8495770084783083 0.008062803
3.852437764831018 -0.03698825
3.8553012898681525 0.03655724
3.8581705635475414 0.08189701
3.8610441112706577 0.04579327
3.8639204496057835 0.0113752
3.8668025718877264 0.01302019
3.869687499516289 -0.009463175
3.8725767351080056 -0.0281909
3.875471790247065 -0.003628565
3.878369673010775 0.002825137
3.8812733992270054 0.005023633
3.8841814767269556 0.0020455
3.887092404349345 -0.02433322
3.8900092115418126 -0.01044123
3.8929288839751472 0.01663774
3.8958529424598107 0.001235573
3.8987829169368204 -0.04029352
3.9017157795140416 -0.0208174
3.904654582541665 0.01265548
3.907597815965428 0.01745014
3.91054396057546 0.006195664
3.9134960825904206 0.06849056
3.916451131306074 0.04786896
3.9194106460599736 0.04711092
3.9223761754871105 0.08363434
3.925344655074077 0.06204865
3.9283191743615897 0.004762478
3.9312982050871788 -0.0125292
3.9342802096656606 -0.008332084
3.9372667415534797 0.03158632
3.9402593636323515 0.02061357
3.9432549834856476 0.002991277
3.946256718995346 0.004626313
3.949261468359109 0.0177811
3.9522723589928033 0.03548144
3.9552878440952104 0.02042328
3.958306367371206 -0.01926029
3.961329501407262 -0.003179517
3.964358828389249 0.003315881
3.9673912181001914 0.01337555
3.970429826821762 0.04061357
3.9734730936269465 0.05284029
3.9765194479636636 0.03926861
3.979572060698025 0.00935708
3.9826277776339603 -0.01036252
3.9856881908443165 0.01105331
3.988754902179775 -0.005650877
3.9918247429264864 -0.0343945
3.994900908480416 -0.04627429
3.9979818187778804 -0.02337332
4.001065883951485 -0.01413959
4.004154710928059 0.0003281155
4.0072499165490205 -0.02523611
4.010348302760443 -0.01447257
4.0134530947736815 -0.01586478
4.016561084664287 -0.02351336
4.019675507674967 -0.0268478
4.022794764252159 -0.003480191
4.025917244855481 0.01448208
4.029044576543385 0.02407673
4.032178396475231 0.03257694
4.035315466839593 0.01882379
4.038459053255967 0.01250565
4.041605907857852 -0.007429028
4.044759306485569 -0.0175807
4.047917629733736 -0.02302189
4.051079248022465 0.002690316
4.054245808923395 0.02380335
4.057418970300099 -0.01302821
4.060595453838541 -0.03938174
4.063778566331432 -0.03022012
4.066965019220477 -0.04776014
4.070158129713497 -0.03629851
4.07335459895991 0.01238061
4.076557754631988 0.01570259
4.079764287538524 -0.00713664
4.082977535865895 -0.01581565
4.08619418003363 -0.01764923
4.089417568792182 -0.002903956
4.092644372122871 0.03163028
4.0958779493905135 0.0007783305
4.099114960088968 -0.01330928
4.102358774248017 0.04011449
4.1056060408245045 0.03567022
4.108860140564105 -0.01022386
4.112117711836772 -0.01874356
4.115382146155328 -0.028066
4.118650071252646 -0.02414456
4.12192488946028 -0.0174639
4.125203217823517 -0.01751132
4.128488469544553 -0.02540194
4.131777250930269 -0.01788812
4.135072986105741 -0.02253486
4.138372270588298 -0.05040998
4.14167853947848 -0.008702353
4.144988377452589 -0.009348284
4.148305230639548 -0.057013
4.151625672822836 -0.03404124
4.1549531612130135 -0.01616969
4.1582842586486075 -0.008250845
4.161622433475425 0.0260702
4.164964237534574 0.05502065
4.168313150361059 0.009546756
4.171665712745774 -0.01144178
4.175025415467216 0.02433108
4.178388788212932 0.005300688
4.181759333059567 0.004704181
4.18513356853784 -0.006355058
4.188515008077551 -0.02177972
4.191900158998774 -0.02164838
4.195292546139828 0.0164284
4.198688665555974 0.01618654
4.202092053549781 0.02960796
4.205499194857179 0.07281506
4.208913637301077 0.06068953
4.212331854243208 -0.03399781
4.215757405083276 0.07643528
4.2191867517535995 0.2206305
4.222623465287501 0.2034766
4.226063996132306 -0.04830576
4.229511927012158 -0.100829
4.232963696833447 -0.01021122
4.236422900068715 0.1426258
4.239885964027112 0.08071285
4.243356494987535 0.05906864
4.246830908605226 0.1473685
4.2503128230237746 0.1942693
4.253798642187474 0.1204568
4.257291996163328 0.07807529
4.260789277127273 0.08844523
4.264294127128842 0.08271345
4.267802926517822 0.1271751
4.27131932938578 0.1929296
4.274839704198192 0.1744401
4.278367717148553 0.203623
4.281899724759486 0.1569229
4.285439405386711 0.2404729
4.288983103551064 0.1879441
4.292534509831191 0.1689501
4.296089956686822 0.2141499
4.299653146980633 0.2110536
4.303220401051536 0.1302517
4.3067954341077535 0.1263284
4.310374554307272 0.1338438
4.313961489265785 0.1172311
4.317552534899857 0.06068115
4.321151431294989 0.05247115
4.324754462065417 0.1531167
4.328365379829211 0.1843915
4.331980455836976 0.07652635
4.33560345530253 0.03478809
4.339230637051128 0.04614067
4.342865778955949 0.01109608
4.3465051273547735 0.01078355
4.350152472844173 0.0618728
4.353804049211917 0.02390025
4.357463659842443 0.01910434
4.361127525910549 0.02571041
4.364799463653442 0.004252348
4.368475681569575 0.01547244
4.372160008814275 0.02227333
4.375848641145842 0.02635323
4.379545420703512 0.04526514
4.383246530441209 0.0388446
4.3869558255483145 0.005755698
4.390669476109709 -0.0091129
4.394391350431617 0.0266258
4.398117605664776 0.05682579
4.401852123299399 0.05378428
4.405591047486545 0.04987193
4.409338272968022 0.05466485
4.413089930829229 0.0508716
4.416849929131643 0.08013279
4.420614385828571 0.06411751
4.4243872223697025 0.02316375
4.428164543509373 0.01357534
4.431950284154492 -0.008629453
4.4357405357931 -0.003803435
4.439539246858804 0.06706724
4.443342495505559 0.1047389
4.447154243763644 0.1164957
4.450970556384672 0.09670472
4.454795409066043 0.0644667
4.458624853088311 0.04275159
4.462462877886934 0.08747785
4.466305521202222 0.06720476
4.470156786279122 0.02405948
4.4740126972480345 0.02939278
4.477877271235325 0.06548203
4.481746518691348 0.01784581
4.485624470696312 -0.05217794
4.489507123949903 -0.00216321
4.493398523559113 0.07030421
4.497294652401847 0.08047032
4.501199569685321 0.07467976
4.505109244394067 0.04792333
4.509027749909481 0.05141862
4.51295104125063 0.05006859
4.516883206047565 0.04659154
4.520820185281295 0.0252602
4.524766080905533 -0.01273964
4.528716819790131 -0.005615112
4.532676518287989 0.02788711
4.536641089084206 0.03515789
4.540614663006932 0.05421795
4.544593138482388 0.03925289
4.548580660890576 0.02734924
4.5525731143242165 0.01676978
4.556574658792298 0.03122682
4.560581163978888 0.02008289
4.5645968045996534 -0.006623429
4.568617435854327 -0.01758255
4.572647247243494 0.009838467
4.576682079406349 0.02991709
4.580726136707191 0.02178597
4.584775245147933 0.003322378
4.588833624035943 -0.01079756
4.592897084658575 0.01327183
4.596969861346195 0.07890222
4.601047750593765 0.04956728
4.605135001835146 0.0263884
4.609227396694538 0.007018839
4.61332919979037 0.02334578
4.61743617779715 0.07274804
4.62155261059953 0.08546317
4.6256742498428425 0.05870365
4.629805390760205 0.02770713
4.63394176988772 0.005547324
4.638087697889809 0.03327516
4.642238896112729 0.07347304
4.646399690735636 0.08227213
4.650565787833749 0.06658065
4.654741529184996 0.03865572
4.658922605511785 0.0227687
4.663113374275469 0.004500462
4.667309510763283 -0.00348445
4.671515388205266 -0.01460684
4.6757266663705375 0.007803117
4.6799477343437035 0.03997727
4.6841742362922325 -0.01447
4.6884105772417985 -0.04796236
4.692652385674083 -0.02389471
4.696904082642967 -0.03745203
4.701161280859598 -0.02598765
4.705428417493842 0.03684366
4.709701089400959 0.04384696
4.713983749955217 0.07304819
4.718271980070019 0.06005733
4.722570249413103 -0.02107975
4.72687412286942 -0.07348846
4.731188086489903 -0.05341664
4.735507689043835 -0.01791196
4.739837433055721 -0.01276597
4.744172851091325 0.006067757
4.7485184622397805 0.006906087
4.752869782774839 -0.01505786
4.757231348441983 0.0005172738
4.761598659133817 0.02835945
4.765976267344579 -0.006146747
4.770359656495943 -0.004369369
4.774753395923984 0.03495945
4.7791529524890075 0.03753616
4.7835629124627115 0.01847106
4.787978726052925 0.002802097
4.792404996561449 0.009504793
4.796837157451863 0.03967583
4.801279829151259 0.03048828
4.805728428286518 -0.001289005
4.810187592505921 0.01673332
4.8146527215065245 -0.002570976
4.8191284702544115 -0.01168779
4.823610221423004 -0.03320674
4.828102647393525 -0.03043845
4.832601113721253 -0.01264413
4.837110310300626 -0.0009687804
4.841625585473574 0.02219091
4.84615164674656 0.06164189
4.850683825152251 0.06693397
4.855226845908694 0.01736945
4.859776022642668 -0.0161029
4.864336098384117 0.03885839
4.868902369256581 0.03923144
4.873479596202975 -0.006838053
4.878063057745535 -0.01220475
4.882657532841975 -0.007373854
4.887258282314429 0.004673304
4.891870103238027 0.01598249
4.896488238635251 -0.001557488
4.901117503802041 -0.002907797
4.905753123860945 -0.02448576
4.910399932432897 -0.03888622
4.91505313663946 -0.02376115
4.919717588531548 0.01821135
4.924388477127939 0.02413796
4.9290706730153095 0.004130037
4.933759347007082 -0.007117996
4.938459388332297 -0.006165543
4.943165949495674 0.02563638
4.947883938476032 0.0412632
4.952608489365264 0.007556474
4.957344529000218 0.01959597
4.962087172955037 0.03469394
4.966841367033683 0.03581632
4.971602208186837 -0.03528096
4.9763746612955 -0.04128388
4.981153804580369 0.006519857
4.985944622110272 0.01894523
4.990742173268586 -0.007755016
4.995551461423602 -0.00927858
5.000367527013235 0.01013203
5.005195392817744 0.0130615
5.010030080220601 0.007709723
5.014874116629924 0.03090687
5.0197300489574275 0.04464832
5.024595394455861 -0.01951057
5.029467650967016 0.002171454
5.034349365722323 0.01711566
5.039243105685526 0.02300725
5.044146369021678 0.02790104
5.049056634258456 0.007867496
5.0539790229546675 -0.04489089
5.0589084595573155 -0.0310297
5.063850085730982 -0.008249927
5.068798806196504 -0.005195507
5.073759782843082 0.03693921
5.078727900550382 0.05444391
5.083708341551995 0.02718522
5.088695970770529 0.001258387
5.093695990904697 0.03201693
5.098703246803241 0.0597588
5.1037229617516795 0.01983015
5.108749960407188 -0.02664899
5.1137894867647455 -0.02022753
5.118836345171325 0.03090349
5.123893175025529 0.02112025
5.128962636532985 0.0232263
5.13404213919107 0.03307849
5.139129071796203 0.05863177
5.144226094909943 0.04626935
5.1493358901502475 0.01726568
5.154455846673494 0.03130439
5.159583332688385 0.06739895
5.164721030175915 0.03123686
5.169871642426862 0.01727319
5.175032538017082 0.03918495
5.180201064324111 0.02865225
5.185379925009035 -0.01016838
5.190571845300197 -0.02944061
5.1957741729496565 -0.02145799
5.200984234256492 0.03146176
5.2062047548268024 0.04392114
5.211438482095582 0.02448454
5.216682742743985 0.03278834
5.221934841741431 0.01856657
5.227197526908306 -0.04458797
5.2324735681597705 -0.02518593
5.2377575274432315 0.0325801
5.243054918378742 0.05749138
5.248360281039197 0.04145009
5.253679151509802 0.0204357
5.259006047856955 -0.01986586
5.264346528768865 -0.004199153
5.269695090172387 0.01129986
5.275057313497712 -0.0184508
5.280427672398043 -0.04795233
5.285811771185665 -0.04005497
5.291204061104941 -0.04145872
5.296610169491525 -0.04052815
5.302024525044644 0.006977305
5.307452778265769 -0.006191323
5.312889335171593 0.03647123
5.318339869573033 0.0899765
5.323798764665735 0.04756684
5.329271717714872 0.002215414
5.334755934915977 -0.005993371
5.340248599252792 -0.03095437
5.345752585740526 0.006782204
5.351270793031575 0.07502723
5.356800404545567 0.05586591
5.36233858020289 -0.006026099
5.367888219095726 -0.005737724
5.373452244249196 0.00664467
5.379024922636174 -0.009858279
5.384612071007957 -0.0005775442
5.390207932661211 0.01004009
5.395818348696127 0.02032051
5.401437538586519 0.03385905
5.407071367934985 0.016792
5.4127140322446206 0.01061541
5.418371421775243 0.000722442
5.424037707910146 0.06991823
5.42971880572249 0.1154391
5.435408862325442 0.09522517
5.441113817762951 0.06404898
5.44682779472649 0.06093837
5.452556758389576 0.07170898
5.458294806869155 0.03595315
5.464047930628448 -0.0261933
5.469810203055764 -0.03775377
5.475587640065532 -0.001715414
5.481374290162029 -0.01637461
5.487176194873769 -0.07817519
5.4929873776643054 -0.06497402
5.49881390584051 -0.0005745741
5.504649777667195 0.01741533
5.510501086395289 0.04215543
5.516361804931517 0.01185333
5.522238052637974 -0.03374434
5.528123776902614 -0.02740636
5.534025123367255 0.0161919
5.539936013739042 0.01029659
5.545862620109521 0.0243716
5.551798838341611 0.01451832
5.557750867148078 -0.01060864
5.563712576382819 0.01163193
5.569690191552786 0.04949736
5.575677556336646 0.06351393
5.581680923210024 0.01743266
5.587694109508747 0.02099012
5.593723394853104 0.05701245
5.599762570067029 0.05258524
5.605817942093021 0.05164004
5.611883275072632 0.01138197
5.617964903449655 -0.008467562
5.624056564511303 0.01226987
5.6301646203833355 0.01318759
5.636282781325192 0.05022696
5.6424174373268485 0.2048613
5.648562271445049 0.1377929
5.654723701717849 0.05507246
5.660895383822859 -0.008973804
5.667083764031699 -0.04846197
5.673282470464891 -0.06642463
5.679497977814744 -0.05254114
5.685723886465191 0.01395969
5.69196669971802 0.04715226
5.698219990039512 -0.02392022
5.704490289531405 -0.03969222
5.710771142559693 -0.03317058
5.717069110218232 -0.06149558
5.723377708588501 -0.05425775
5.729703527950353 -0.01738652
5.736040055914918 -0.02503121
5.742393912143671 0.02743528
5.74875855558992 0.02852171
5.75514063549414 -0.0393116
5.761533581962713 -0.02409733
5.767944074014258 0.04619913
5.774365512717464 0.01393406
5.780804607070039 -0.07730724
5.78725472891052 -0.08442167
5.793722617418479 -0.05563437
5.800201615008138 -0.0335118
5.806698491245531 -0.00345091
5.813206558924697 0.02410969
5.819732618204589 0.02535249
5.826269952061451 -0.03183724
5.832825391455494 -0.03457933
5.839392189345796 0.02698362
5.845977207704063 0.002578493
5.852573669271061 -0.04114814
5.859188467242157 -0.01559987
5.86581479393686 0.02177038
5.8724595739882925 0.08960578
5.87911596908996 0.3069843
5.885790935528812 0.1637482
5.892477604165746 -0.07429542
5.899182963159602 -0.1465327
5.90590011233022 -0.05917817
5.9126360719284 0.02194968
5.919383910522592 0.01246009
5.926150680677667 -0.05787581
5.932929419498454 -0.1308526
5.939727212088058 -0.06342965
5.946537063873539 0.0477666
5.9533660927224865 0.04977406
5.9602072721680965 0.07612028
5.967067753070802 0.1033715
5.973940476851877 0.02589201
5.980832627595083 -0.0128113
5.98773711438973 0.01074881
5.994661154775557 0.02564633
6.001597625287852 -0.003171585
6.008553777157161 -0.02053024
6.015522454140664 -0.1043216
6.022510941396753 -0.07858991
6.029512049678356 -0.06652818
6.036533098310978 -0.05193578
6.043566864815078 0.05554256
6.05062070292481 0.2042615
6.0576873566978335 0.03171938
6.064774214520768 -0.05926146
6.071873986756027 -0.2072228
6.078994096688833 -0.0609951
6.086127220751746 -0.08090913
6.093280817377061 -0.07335433
6.100447528830715 -0.01540841
6.107634848942921 0.01155592
6.114835385574003 0.01262894
6.122056668205343 -0.003399268
6.1292912700504445 -0.04294191
6.13654675649753 -0.0746116
6.1438156658698135 -0.07602771
6.151105599720494 0.03735804
6.158409061236757 0.107292
6.165733688397384 0.02389451
6.173071949005487 -0.02427163
6.180431517728567 -0.08016709
6.1878048267352765 0.02660515
6.195199587647515 -0.01370772
6.202608196746732 -0.05600171
6.210038402877483 0.03792953
6.217482566178885 0.01207767
6.2249484729890145 -0.08923104
6.2324284470471065 -0.03623809
6.23993031245827 0.02831627
6.247446356301862 0.04732463
6.254984440726204 0.007950193
6.262536815888306 -0.02919902
6.2701113822585945 -0.04173227
6.27770035280676 -0.02214054
6.285311666606956 0.01301207
6.292937499174052 -0.002860941
6.30058582847033 0.01472524
6.308248792285768 0.03765115
6.315934407757989 0.00556127
6.323634774679408 -0.04775608
6.331357949653041 -0.03759206
6.33909599419846 -0.00347899
6.346857004676998 0.07466104
6.354633004057433 0.06236072
6.362432128755267 0.01504719
6.370246362907839 0.04579031
6.378083883283617 0.07614703
6.385936634905146 0.08127219
6.393812835195638 0.0881395
6.401704389776733 0.07289394
6.409619557031193 0.03909719
6.417550202890849 0.06849504
6.425504627005882 0.01193598
6.433474655326596 0.07894243
6.441468629081556 0.1041997
6.449478333944959 0.09450128
6.457512153037872 0.1061177
6.465561831460907 0.04779123
6.473635794544926 -0.04558343
6.481725746516558 -0.02534327
6.489840155236977 -0.03986395
6.497970683755463 0.07739183
6.506125842787276 0.05456082
6.514297253897992 0.1332684
6.522493470984036 0.1109389
6.530706073817876 0.06552702
6.538943659807534 0.05412618
6.547197766619897 0.08245996
6.555477035508397 0.209176
6.563772961718764 0.157119
6.57209423068708 -0.1694357
6.5804322949191825 -0.2234512
6.588795884374538 -0.1094186
6.597176408497163 -0.09083224
6.605582642114156 -0.09076725
6.6140059512825555 -0.04220854
6.622455156044912 -0.02349528
6.630921578742857 0.05991463
6.6394140849858285 0.2507046
6.647923953068316 0.01980794
6.6564600945217345 0.02656123
6.665013743258338 0.04384356
6.673593857090326 0.07647937
6.682191625209235 0.1046125
6.690816052070606 0.09357233
6.6994582818033335 0.04284925
6.70812736587267 -0.03922555
6.716814402999461 -0.02117096
6.725528492028903 0.056004
6.734260685924856 0.02892703
6.743020131286602 0.003202653
6.751797834968507 0.04573537
6.7606029917020365 0.06935031
6.769426561875943 0.02554041
6.778277788735994 -0.02921016
6.78714758584554 0.007513015
6.796045245350825 0.02088733
6.804961633626308 -0.00511539
6.81390609210902 0.003344737
6.822869439617264 0.0466059
6.831861067273336 0.07782303
6.840871745968333 0.0397626
6.8499109169085255 0.08298778
6.858969302682886 0.2316566
6.868056394984671 0.2058527
6.877162867721899 0.07086123
6.886298263482166 0.008519673
6.895453207109764 0.03227195
6.904637292498387 0.0376461
6.913841095041808 -0.06833872
6.923074260356054 -0.07597212
6.932327313993526 -0.04653004
6.941609953713345 -0.03774274
6.950912654831579 -0.04520673
6.960245167675787 0.02399044
6.969597916926574 0.05761615
6.97898070590994 0.01637133
6.988383908267678 0.003859928
6.997817380758941 -0.02059805
7.007271445579078 -0.04974878
7.016756013359903 -0.07119478
7.026261354438349 -0.05757224
7.035797433763244 -0.05707512
7.045354469396742 -0.02013691
7.054942481053953 0.0973134
7.064551634101439 0.08157382
7.074192003474843 0.01848509
7.083853701419817 0.02119097
7.093546858551838 0.0216095
7.103261533565751 0.04902841
7.1130079132213035 0.1207121
7.122776002228004 0.1138911
7.132576043959492 0.05213593
7.142397988700727 0.001488527
7.152252136914132 0.02763343
7.1621283840161345 0.06763206
7.17203708803819 0.000246622
7.181968089079387 0.00567711
7.191931803225869 0.02692007
7.201918014805703 -0.03205617
7.211937198450876 -0.05411169
7.221979082259787 0.005490058
7.2320541999069965 0.02376127
7.2421522227975705 -0.06177271
7.2522837441510335 -0.1159339
7.262438378210361 -0.01279213
7.272626778248155 -0.009520372
7.282838500871391 -0.03899058
7.293084259919688 -0.05096382
7.3033535538848735 -0.1216503
7.313657157693419 -0.1465299
7.323984511237557 -0.1293633
7.3343464510564385 -0.1221712
7.344732357952876 -0.02852409
7.355153130610603 0.05720214
7.365598090247728 0.02302922
7.376078198230626 -0.04692115
7.386582715691908 0.03948358
7.397122667224903 0.05715658
7.407687253370312 0.03053949
7.4182820594041186 0.008142018
7.428912734047896 -0.01479141
7.439573920722412 -0.0008611525
7.450260200337497 0.0244391
7.460977223874829 -0.01239035
7.471730706870556 -0.05241806
7.4825152325303845 -0.04357779
7.493325320470791 -0.03214756
7.504172319809814 -0.03154963
7.515045120330902 -0.03824268
7.525955137781424 -0.06960466
7.536891198192351 -0.03526681
7.547864784531105 -0.02285556
7.558864658528289 0.006770398
7.569902370969122 0.03655659
7.580966618729687 0.09428022
7.592069021017884 0.1059423
7.603198209294757 0.02133881
7.614365871803013 -0.02541839
7.625560574021699 -0.002101258
7.636794073847798 -0.0576914
7.648054870204861 -0.1057315
7.6593489247040045 -0.07887407
7.670682268834402 -0.00494174
7.682049201988728 0.01068738
7.693443954799478 -0.06547018
7.704872561407833 -0.06246058
7.716341127095083 0.03881073
7.727843885188969 0.0543751
7.739374999032578 0.02186637
7.750940576638976 0.06378716
7.762546798454011 0.09583014
7.774187830597338 0.09370156
7.7858577679502945 0.02307673
7.797562793773179 -0.01425456
7.80930916508333 -0.02584684
7.821090979622929 -0.03844306
7.832902262612148 0.01682854
7.844749273968454 0.03211528
7.8566383487231795 0.03147947
7.868563515044692 0.05296639
7.880518727264703 0.01019641
7.892510323403504 -0.06411213
7.9045447179856065 -0.0680008
7.916609601105793 -0.01041055
7.928717656778498 0.04457229
7.940856500782174 0.08842883
7.953038895927327 0.04391661
7.9652523830043815 0.03264103
7.97750980435955 0.04162319
7.989798625115452 0.1488104
8.00213176790297 0.1574017
8.014496621488949 0.1112004
8.026906189547363 0.05825303
8.039347783792996 0.04726101
8.051834489710963 0.07548866
8.064353541259248 0.07452744
8.076918106511934 0.04911331
8.089521884988033 0.07909226
8.10215849604493 0.09301654
8.114834648071794 0.02791299
8.127557132662863 0.01809096
8.140319572665783 0.03641595
8.153115509263976 0.06269351
8.16595173759204 0.03923368
8.178835137584365 0.07086335
8.191752543539165 0.1867567
8.204717548496035 0.2238216
8.217716904583266 0.213855
8.230764292310656 0.1546085
8.243846380869 0.2290253
8.256976939089107 0.4274537
8.270142552447176 0.6411728
8.28335707895696 0.8028053
8.296607019593267 0.9373543
8.309906322426027 1.209809
8.323241403132036 1.524624
8.336626300722118 1.7891
8.350047344768445 2.188709
8.363518666119134 2.677867
8.377026507424977 3.254859
8.390585092279656 4.037409
8.404180575585519 5.04052
8.417827274602153 6.168839
8.431511255645951 7.810658
8.445246930575003 9.89069
8.459020276271602 12.48203
8.47284580013743 15.80076
8.48670938876173 19.87199
8.500625646047549 24.36612
8.514580367421173 29.58587
8.528588254257684 34.80091
8.542635009939357 39.50943
8.556735434297106 43.62218
8.570875137776818 47.05787
8.585069019662383 49.61197
8.599302596559419 51.56232
8.613590868215507 52.85938
8.62791925648043 53.9602
8.642302862589977 54.71379
8.656727012710672 55.20062
8.67120691060506 55.35488
8.685727785816901 55.38824
8.700304945688346 55.42519
8.714923522188629 55.42447
8.729598927306885 55.3361
8.744316194473592 55.49436
8.759090841407025 55.8231
8.773907802022036 56.39535
8.788782700863234 56.5805
8.803700371340081 56.97846
8.818676545936045 57.37699
8.833695956552349 57.67707
8.848774444739405 57.77168
8.863896639874062 57.92844
8.879078493717609 57.8198
8.894304532092873 57.83887
8.909590818132086 57.5503
8.924921773060658 57.25146
8.940313572558244 57.24216
8.955750532195475 57.60365
8.971248941392624 57.83482
8.986793008993983 58.28896
9.002399139370642 58.55544
9.018051433554547 59.03305
9.03376641209513 59.55217
9.0495280671113 59.96505
9.065353036575978 60.23829
9.08122520257943 60.74186
9.097161321781153 61.00406
9.113145165111964 61.0649
9.129193609199307 60.76359
9.14529031266833 60.1876
9.161452273414382 59.12983
9.177663036595012 58.42191
9.19393972269239 57.22832
9.210265762218569 55.46787
9.22665839958074 53.00587
9.24310094945133 49.67681
9.25961078152041 44.58424
9.276171093410115 37.60652
9.292799381471273 29.56546
9.309478725048269 21.86891
9.326226748550939 15.245
9.343026411801363 10.36296
9.359895468687407 6.91433
9.37681675824691 4.726427
9.393808165285934 3.331307
9.410852406778448 2.481685
9.427967499910434 1.787981
9.44513603829436 1.351417
9.462376172979805 1.057877
9.479670372901795 0.748218
9.497036924479561 0.6394742
9.514458170636098 0.5452588
9.531952534689157 0.411095
9.549502232196147 0.4034306
9.567125824925423 0.3572034
9.58480539969597 0.3126143
9.602559658302518 0.2149667
9.62037055743313 0.1184805
9.638256940508823 0.02722668
9.656200632674265 -0.07173087
9.674220620601252 -0.03442727
9.69229859645824 0.1157084
9.710453691817388 0.2092709
9.728667464417398 0.1797982
9.74695919240595 0.05702225
9.765310297617363 -0.02056967
9.783740206476054 0.02857113
9.802230203415881 0.09982491
9.820799864865794 0.139052
9.839430336341247 0.0587608
9.858141346030619 -0.04550476
9.876913898990777 -0.1059265
9.895767876952064 -0.1321394
9.914684142949916 -0.1051846
9.933682734067366 -0.1261415
9.95274436973251 0.07341421
9.971889244220543 0.1241473
9.991097931742816 0.08944546
10.010388781477417 0.02446258
10.029750245177244 -0.01797548
10.049188769187419 0.1288929
10.06870075901894 0.3103593
10.08829070257076 0.2185073
10.10795600249343 -0.1191065
10.127698120056163 -0.2467202
10.147517506243512 -0.20518
10.16741461557717 -0.09262627
10.187389906150708 -0.008717519
10.20744383966474 -0.02060938
10.227576881462486 -0.118332
10.247788450393992 -0.03381979
10.268082169711478 0.04574272
10.28845430686529 -0.07723801
10.30890956787422 -0.1148389
10.329444194299736 0.0614959
10.350062933557668 0.1907412
10.370762001071716 0.04228644
10.39154618621422 -0.06935236
10.412411678019492 -0.07626747
10.433363308386118 -0.007783152
10.454397239704589 -0.03588198
10.475517249615233 -0.03299447
10.496722765701707 -0.01886432
10.518014308285943 -0.05913835
10.539392401920152 -0.1834289
10.56085757542987 -0.1288071
10.58241036195759 -0.05029233
10.604051299006889 -0.05484769
10.625782057559436 -0.1166776
10.647599796758614 0.01437726
10.66950959306277 -0.03575917
10.691507457647196 -0.09835999
10.713598513466778 0.01495325
10.73577874332986 0.01562574
10.758052159985576 -0.1390434
10.780418189670247 -0.1144231
10.802877411215741 0.05620944
10.825430408287604 0.251369
10.848077769435607 0.1180242
10.870820088144956 -0.20094
10.89365796288814 -0.1040821
10.916591997177406 0.1396909
10.939622799617943 0.2316101
10.962750983961715 0.1489137
10.985977169161968 -0.0683516
11.009301979428459 -0.05434309
11.032726044283377 0.01152224
11.05624999861797 -0.07015464
11.079874482749911 -0.04502445
11.103600142481397 -0.1681415
11.127427629158001 -0.2166967
11.151357599728264 -0.1995249
11.175390716804088 -0.01357311
11.199527648721887 0.2168679
11.22376906960454 0.3063481
11.248115659424156 0.188841
11.272568104065645 -0.02821888
11.297127095391135 -0.08385757
11.321793331305225 -0.005093094
11.346567515821086 -0.02474304
11.371450359127458 -0.06627892
11.396442577656499 -0.1311356
11.421544894152545 -0.1855277
11.446758037741793 -0.0854779
11.472082744002883 0.1265645
11.497519755038445 0.3287825
11.523069819547574 0.3379481
11.548733692899308 0.2248409
11.574512137207044 0.05449373
11.600405921404 -0.1597055
11.626414469584368 -0.1362907
11.65254261975726 0.06229198
11.678785742631796 0.1221548
11.70515007875225 -0.06710006
11.731630964185207 -0.005315267
11.758234703300936 0.03796164
11.784956597183347 0.003195893
11.81180301503359 0.04398603
11.838769222609587 0.06003383
11.865861654969695 0.100711
11.893076956651994 0.09259713
11.920415965299192 0.0966737
11.94788380874162 0.1371913
11.975475662899461 0.03777824
12.00319813211032 -0.2104569
12.031046355741918 -0.2492017
12.059027007758658 -0.103319
12.087135190618351 -0.07748953
12.115377649042467 -0.02415372
12.143749448218385 0.04282819
12.172257404779778 0.1238077
12.200896546280015 0.2628124
12.22967376244568 0.3021414
12.258584042829531 -0.01443965
12.28763284159865 -0.1615078
12.316819639513785 -0.1973408
12.346145422283854 -0.1911987
12.375611185027886 -0.07088195
12.405217932387593 -0.1017631
12.434966678641539 0.07646713
12.464858447820982 0.2545999
12.494894273827356 0.2411984
12.525075200551504 0.02429452
12.555402281994585 0.08759406
12.585876582390798 0.222614
12.616499176331853 0.257801
12.647271148893287 0.2555486
12.678193595762643 0.009815799
12.709267623369495 -0.09021473
12.740494349017434 0.09201701
12.77187490101797 0.04275692
12.80341041882644 0.2275559
12.835102053179936 0.3526535
12.86695096623725 0.202516
12.898958331720962 0.139764
12.93112533506162 0.2665823
12.963453173544082 0.4007009
12.995943056456065 0.2400413
13.028596205238955 -0.004646782
13.06141385364085 -0.08342547
13.094397247871965 -0.1820608
13.127547646762372 -0.2134585
13.16086632192216 -0.1213132
13.194354557904019 0.07088458
13.228013652368329 0.1148724
13.261844916250785 0.1630396
13.295849673932581 0.05725174
13.330029263413241 0.007090935
13.364385036486107 0.08186138
13.398918358916557 -0.06172084
13.433630610622993 -0.2487343
13.468523185860636 -0.02578014
13.503597493408218 -0.1352915
13.538854956757573 -0.001571416
13.574297014306222 0.02000121
13.609925119552985 -0.01364693
13.645740741296677 0.1595669
13.681745363837972 0.2096614
13.717940487184427 0.181194
13.754327627258823 0.02747697
13.790908316110787 0.01058365
13.827682190083616 0.2298976
13.8646565502738 0.4362561
13.901825309663158 0.09056605
13.939197776865226 -0.5824653
13.976767816535355 -0.7011862
14.014544855232554 -0.5069396
14.052522708876698 -0.2651907
14.090710924274546 -0.2164043
14.129103268202877 -0.01866044
14.167709410079247 0.1787256
14.206523067131503 0.1250776
14.245554033813818 0.03724543
14.284795977401455 0.2056655
14.324256768032269 0.1874189
14.363936178158774 0.03875443
14.403836029611407 0.1714502
14.443960250799146 0.3321061
14.484304445595141 0.3037888
14.524878866141476 0.1000132
14.565677001742783 -0.1831146
14.606709241328984 0.06920151
14.647969022475113 0.4287817
14.689466873709804 0.1053938
14.731196180495456 -0.1189067
14.773165431383816 0.3235573
14.815374506740625 0.1889382
14.857825468095792 0.1979216
14.900520400674994 0.4386693
14.943461413741112 0.6923983
14.986650640941582 0.7107171
15.030090240661805 0.2124774
15.073782396384702 -0.1711791
15.117729317056577 -0.173805
15.161933237459374 0.3859159
15.206396418589515 0.603801
15.251121148043397 0.7328693
15.296109740409722 1.795831
15.341364537668804 2.927102
15.386887909598956 2.809437
15.432682254190166 2.190583
15.478749998065156 1.673615
15.525093596908022 1.475835
15.571715535900589 1.596387
15.61861833016666 1.31705
15.665804525224296 1.284695
15.713276697446359 1.9015
15.761037454529406 2.443238
15.809089435971213 3.09546
15.857435313556996 4.870729
15.906077791854655 7.640893
15.9550196087191 12.61491
16.00426353580594 20.84348
16.053812379094726 29.8064
16.103668979421926 34.69173
16.15383621302387 33.51996
16.20431699208986 29.15105
16.255114265325727 25.96068
16.306231018527953 24.59883
16.35767027516873 24.23576
16.40943509699207 24.72415
16.461525874802525 26.07216
16.513953878178214 28.25836
16.566711413354195 30.06786
16.619812644852054 30.00836
16.673249821471178 28.3096
16.727037332238268 25.54697
16.78117018455931 22.42342
16.835654549204307 19.26215
16.890493861150006 16.87026
16.94569160027486 15.372
17.001251292095098 14.59432
17.05717650851537 14.53116
17.113470868594213 14.91801
17.170135091188868 15.43373
17.227181736431014 16.86736
17.28460273760452 18.80494
17.34241382121012 21.27294
17.400606863564974 24.98493
17.45919785461377 28.444
17.518178613947693 31.13262
17.577565401726467 32.62679
17.637349981110397 33.34976
17.69754888947881 33.77085
17.75815383391438 33.39055
17.819178461032397 32.74051
17.880623947948788 33.31021
17.942494663453523 34.47388
18.004795037014258 35.18953
18.067529559833424 37.04189
18.13070278592753 39.71875
18.19431933322914 41.0398
18.25838388471218 39.54242
18.322901189541067 37.29667
18.38787944538478 33.97831
18.453313393913103 29.83395
18.51921813342578 24.99395
18.585595308698373 20.48002
18.65245001796231 17.56682
18.719787433069737 15.15742
18.787612800827258 13.01094
18.855931444358692 11.50874
18.924748764497778 11.11143
18.994070241211396 11.44318
19.063901435054245 11.76162
19.134247988655687 11.54537
19.20511562823966 11.76818
19.276510165178486 12.55011
19.348437497581447 14.14347
19.420903611919076 17.38638
19.4939145846841 20.3264
19.567476584089956 22.4451
19.641595871807944 25.19745
19.716278804743972 29.07234
19.791531836856027 32.53903
19.867361521013407 33.78027
19.943774510898876 34.22543
20.020777562954834 33.92046
20.098377538374837 31.84469
20.17658140514152 31.15589
20.255396240112326 30.86274
20.33482923115434 29.21254
20.41488767932948 26.48138
20.49557900113156 23.19509
20.576910730776635 21.06072
20.65889052254804 18.11546
20.741526153197743 15.65687
20.82482552440555 13.76838
20.908796665297835 11.327
20.993447735027424 9.616369
21.078787025416382 6.365535
21.164822963663596 4.073095
21.25156411511887 4.249304
21.33901918612554 3.589773
21.427197026933555 3.818814
21.516106634685126 5.112653
21.60575715647494 5.493941
21.696157892487296 5.927162
21.787318299212213 6.947775
21.87924799274309 7.805859
21.971956752158086 5.594746
22.065454522987903 5.450638
22.159751420772466 6.714634
22.25485773470919 7.95412
22.350778935821303 8.331673
22.447535619749523 10.43248
22.54513366671574 13.75509
22.64358409895065 16.0276
22.74289813205755 15.14945
22.843087179271635 13.46043
22.944162855832417 12.50742
23.046136983472692 12.55369
23.149021595027776 13.4586
23.252828939168737 12.65663
23.35757148526359 9.576214
23.463261928370414 6.989609
23.569913194366695 6.316875
23.677538445219174 7.238751
23.786151084398735 7.625938
23.895764762445037 3.044923
24.006393382685676 3.172848
24.118051107115015 5.661187
24.230752362437777 6.419537
24.344511846282913 3.652921
24.45934453359332 3.061165
24.5752656831973 5.472976
24.692290844567708 2.310942
24.810435864775187 -0.5611429
24.929716895641963 -1.667816
25.050150401103007 -2.487599
