wavelength transmission
2.5001837635066173 -0.006437014
2.5013901475745146 0.006910565
2.502597070109506 0.002288273
2.503805784792885 -0.003878884
2.5050150401103006 -0.003128013
2.5062260921694723 0.02021128
2.50743768703918 0.01856166
2.5086510832606246 -0.01005862
2.5098650244787137 -0.006370545
2.5110807716752097 -0.007463454
2.5122970660641175 0.01287313
2.5135151710748698 0.06741989
2.514733825483508 0.05501148
2.515954295174274 0.01737334
2.5171753164781596 0.01340543
2.51839815774138 -0.009314397
2.519621552842763 -0.01335257
2.52084677259769 0.01380052
2.5220725484256845 0.01518367
2.5233001536185133 0.005973338
2.524528317129228 -0.009554962
2.5257576767878827 0.004724998
2.5269888729098957 -0.003143253
2.5282212699255435 -0.02342045
2.5294542297786577 0.008468336
2.530689033233768 0.01780521
2.531924401801211 -0.005130736
2.53316161875107 -0.03912564
2.534399403098252 -0.03753559
2.5356383976793833 -0.04721766
2.5368792478457456 -0.07259072
2.5381213130615277 -0.007471965
2.539363950275191 0.02984934
2.540608450317767 0.0234255
2.5418535246738987 0.003977417
2.5431004667097974 -0.01543223
2.5443479853852646 0.01605511
2.545596728602732 0.0259649
2.5468473468090425 0.005070537
2.54809919444392 0.01683098
2.5493516234016207 -0.01631976
2.5506059346988765 -0.01350382
2.551860829676304 0.06458726
2.553116960075123 0.06564692
2.554374980203594 0.009323951
2.5556335875677627 0.002536784
2.556894089611467 0.02824735
2.558155835690674 0.047995
2.5594181725856626 0.0108551
2.560682411619967 -0.01715834
2.5619472438699646 -0.04611843
2.5632133262486114 -0.06271037
2.5644813182664925 0.02407724
2.565750565427281 0.06108899
2.567020410635987 0.03596487
2.568292173026871 0.02597442
2.5695645358981016 0.06259236
2.5708388210030337 0.0532368
2.572113709031694 0.02664198
2.573389862130638 0.008067189
2.5746679450751238 -0.01889491
2.575947298179037 -0.01327808
2.5772272591265413 0.01515446
2.578509157575273 0.01854615
2.5797916663441924 -0.002925066
2.581075451546245 -0.05301955
2.582361181946713 -0.0008789289
2.5836475264029404 0.07496916
2.584935821213431 0.03758989
2.5862254014403723 0.02197615
2.58751559948467 0.05607887
2.5888077556538267 0.07042082
2.5901005321620554 0.03480898
2.591394600466555 0.004945176
2.5926906347088163 0.02582341
2.5939872930938463 0.06759099
2.5952859226500986 0.005633251
2.5965858531251604 -0.05571346
2.5978864115732723 0.004971059
2.5991889490803293 0.00384525
2.600492117128246 -0.01899669
2.601796592583111 -0.02342863
2.603103055027776 0.009014565
2.6044101518865954 0.04205468
2.605719241047791 0.06049123
2.6070296468804415 -0.03427388
2.608340691027699 -0.1020307
2.6096530544553693 -0.06581461
2.6109674208707156 0.01753901
2.6122824295271507 0.009980756
2.6135994465441814 -0.009985439
2.614917108435121 -0.01951253
2.6162367840798852 0.009198922
2.617557792404109 -0.0894358
2.6188794495743926 -0.1253632
2.62020244208108 -0.102467
2.621527459189371 -0.02192035
2.622853129142469 0.02535499
2.6241808291519195 0.02896246
2.6255091846875054 -0.01889128
2.626839575754901 -0.01270564
2.6281713157703153 0.02688424
2.629503715357275 0.02896092
2.63083746659823 0.0980591
2.6321732643844324 0.03854945
2.633509725814769 0.01874243
2.6348482393285355 -0.006725285
2.636188114165926 0.001950699
2.637528656748856 0.01196063
2.638870563398865 0.006361786
2.6402145332721156 0.01275844
2.641559175019937 0.01432703
2.6429058855928327 -0.0003278304
2.6442532708090836 0.003688037
2.6456027304736662 0.008691682
2.646953568199288 0.01980615
2.6483050847457625 0.03027487
2.6496579821476645 0.01545896
2.6510129653091092 -0.01539649
2.6523686314971426 0.02080653
2.6537263891328844 0.05190099
2.655084832615487 0.03359006
2.656445373255811 0.03431112
2.6578073089700998 0.0345616
2.6591699347865165 0.04369346
2.6605339585233403 0.01960728
2.6619000909038877 -0.02870853
2.663266917670696 -0.01281203
2.664635858857436 0.007739092
2.6660054973033356 0.01117621
2.6673772559676565 0.03363134
2.6687497147773747 0.07565714
2.670124299626396 -0.01535969
2.671499587520464 -0.0817377
2.672877007297222 -0.08603877
2.6742551330321587 -0.1083835
2.6756353965157875 -0.1218396
2.677016368884289 -0.05855721
2.6783994848902113 0.06434621
2.6797833127213337 0.1121977
2.681169290101445 0.06404957
2.682555982260794 0.03357963
2.6839448299036546 0.04629414
2.6853343952935758 0.02287367
2.686726122124598 -0.003214203
2.688118569684366 -0.01211262
2.6895131846660094 0.008795856
2.6909085233720207 0.04831589
2.6923060355039783 0.04512504
2.693704274369942 0.04100464
2.69510469268934 -0.03322562
2.6965058407664766 -0.0706567
2.6979091743480637 0.001419261
2.6993132407252944 0.01052632
2.7007194986816434 0.02070976
2.7021264924857915 -0.004007012
2.7035356839674924 -0.01557707
2.704945614363478 -0.02350434
2.7063577485593378 -0.06173714
2.7077706247503777 -0.05528266
2.7091857108876214 -0.05412985
2.7106015421154295 -0.07395113
2.7120195894598984 -0.01452339
2.7134383850048884 -0.02218556
2.714859402861245 -0.02687466
2.7162811720427302 0.005340736
2.7177051697546593 0.04087457
2.7191299219310605 0.06462912
2.7205569088814756 0.04619227
2.721984653450524 0.01426657
2.7234146390617733 -0.04564599
2.7248453854607155 -0.1527234
2.726278379194788 -0.09782254
2.7277121369005988 -0.05054724
2.729148148259336 -0.01559005
2.7305849267889224 -0.0002647008
2.732023965314224 0.002172856
2.7334637742246395 -0.0003516861
2.7349058494986784 0.02244967
2.736348698387333 0.01763609
2.737793820032766 0.01456707
2.7392397185376405 0.03225135
2.7406878962178234 0.09469397
2.7421368540176827 0.06659371
2.7435880974368847 -0.05089481
2.745040124251496 -0.05576758
2.7464944431551177 -0.01883494
2.747949548745465 0.01372369
2.749406952920255 0.02405976
2.7508651470887595 -0.006098023
2.752325646363036 -0.04288784
2.753786938953776 -0.0217156
2.7552505431976444 0.02436266
2.7567149440965775 0.01941728
2.758181663222157 -0.0004342941
2.759649182357342 0.002002656
2.761119026318987 0.01739578
2.7625896736608073 0.03528766
2.764062652455331 -0.04369814
2.7655364380167233 -0.08791015
2.7670125616836274 -0.1149345
2.768489495520307 -0.05766156
2.769968774142009 -0.02465197
2.771448866352699 -0.003290433
2.7729313100547603 -0.01141442
2.7744145707814196 -0.02932054
2.775900189732778 -0.01758773
2.7773866291608376 0.02628813
2.778875433574039 0.02125446
2.7803650619326317 -0.01473204
2.781857062064066 -0.02758945
2.78334988962626 0.02138396
2.784845095776393 0.03756102
2.786341132859432 0.05122766
2.787839555373045 0.07343084
2.7893388123385843 0.004546576
2.790840461605012 -0.03261824
2.7923429488593556 0.0006085417
2.793847835312728 0.008737979
2.795353563307071 -0.01263184
2.796861697426552 -0.02109311
2.7983706766572234 0.0008848037
2.799882068967255 -0.007806845
2.801394309975961 0.02067777
2.8029089710465107 0.08420617
2.8044244844205806 0.06764488
2.8059424248673843 0.01608037
2.807461221240016 0.01469437
2.8089824517248276 -0.01952653
2.810504541775339 -0.00252852
2.81202907300618 0.04368606
2.813554467460258 0.05196367
2.8150823101916678 0.04517938
2.8166110198216185 0.06430033
2.8181421848549095 0.07313765
2.8196742204799143 0.07572508
2.8212087186634243 0.04962692
2.822744091149794 0.03203311
2.824281933379143 0.01550916
2.825820653640575 -0.01536907
2.8273618508589244 -0.01265295
2.8289039298567613 0.01043479
2.8304484930550697 0.004725704
2.8319939417985593 -0.01639977
2.8335418820158496 -0.02606282
2.8350907115624073 -0.02314776
2.8366420398860237 -0.02808124
2.8381942613414948 -0.009649617
2.839748988907372 0.009848559
2.8413046134263005 0.0098382
2.8428627514192284 0.0009827494
2.84442179020512 -0.01903342
2.84598334985901 -0.0250067
2.847545814164604 0.0078841
2.8491108067627633 0.04172039
2.850676707890303 0.03670686
2.8522451447657025 0.03369102
2.853814494067205 0.01190047
2.8553863866027553 -1.98992e-05
2.856959195480291 0.01793275
2.858534555109116 0.004963071
2.8601108350150786 0.02416957
2.861689673220795 0.03732627
2.863269435658184 0.0380776
2.8648517639751767 0.02537692
2.8664350204978772 0.01022389
2.8680208505115834 -0.005569409
2.8696076127246433 -0.01004345
2.8711969560718353 0.002440256
2.8727872356317543 0.02224994
2.8743801040008212 0.02412461
2.8759739126158337 0.01082427
2.87757031774707 -0.01542137
2.879167667177431 -0.02209802
2.8807676208633257 -0.0184867
2.8823685229216034 -0.01599841
2.883972037007129 0.01378638
2.885576503558493 0.01956805
2.887183589941399 0.01016569
2.8887916329039145 0.0250981
2.8904023035350197 0.01768993
2.892013934879944 0.01722232
2.893628201763435 -0.01100296
2.8952434335155117 -0.0251832
2.8968613087092394 -0.02857158
2.8984801529470006 -0.02903813
2.900101648562782 -0.03907279
2.901724117418847 -0.01636125
2.9033492456227656 -0.007989719
2.9049753512841443 -0.02417272
2.906604124296856 -0.0202445
2.908233879005256 -0.01157704
2.9098663091022945 0.004156568
2.9114997251544263 -0.005191877
2.9131358246665116 -0.01288333
2.9147729144143972 -0.005296311
2.916412695727747 -0.02871393
2.9180534715790345 -0.009397316
2.9196969471356753 -0.001519242
2.921341421553949 -0.03543473
2.9229886038520316 -0.03044766
2.9246367893571295 -0.006090801
2.926287690951245 0.01490922
2.927939600119577 0.03150893
2.9295942336210783 0.0288873
2.9312498790859425 0.01887608
2.9329082571632616 -0.0005915051
2.9345676516151715 -0.001950073
2.9362297869941463 0.003618852
2.9378929431811507 -0.004687701
2.939558848645348 0.001418164
2.94122577937336 -0.003846313
2.942895467764406 -0.01337333
2.9445661858975307 -0.01323542
2.9462396701154363 -0.01827581
2.947914188576302 -0.03689244
2.949591481579801 -0.03129587
2.9512698133498922 0.003167827
2.9529509281567705 0.02080647
2.9546330862767634 -0.0005461404
2.9563180359642 0.007469956
2.9580040335343 -0.007376328
2.959692831239203 -0.02164945
2.9613826814194857 -0.01177321
2.9630753403388335 -0.004061314
2.9647690563495868 -0.002452874
2.9664655897407757 0.0215837
2.9681631848628425 0.01663003
2.969863606044029 -0.002084476
2.9715650936191587 -0.001718147
2.9732685319367693 0.01626376
2.9749748094008015 0.01181745
2.9766830463612433 -0.01867718
2.978392359113106 -0.02896304
2.9801045241860815 -0.02409969
2.981817769785181 -0.02497345
2.983533876535401 -0.01312557
2.98525106857062 0.01249815
2.9869711306253253 0.0280962
2.9886922827482216 0.02345451
2.9904163137975415 0.006416962
2.9921414397227117 -0.002560523
2.993869453520027 0.02909544
2.9955985670254694 0.01937405
2.9973305773877783 0.01007986
2.9990636923152594 0.01209421
3.0007997131235475 -0.009577836
3.002536843378971 -0.01487388
3.0042768885785804 -0.02691897
3.0060180481323613 -0.01231413
3.007762131733364 -0.01002364
3.0095073346208006 0.00283782
3.011254563932699 -0.00858273
3.013004731020029 -0.0271642
3.0147569337148408 -0.01349305
3.016510265636911 -0.01122855
3.018266549155489 -0.006729842
3.0200239669102014 0.015908
3.021784345525327 0.02250127
3.0235458634113157 0.003885887
3.0253094362124093 -0.01614886
3.0270759838451005 -0.03807149
3.028844595738597 -0.03287121
3.030614357050618 -0.02757906
3.032387107260384 -0.01445952
3.0341610120019276 0.0009494864
3.035937915069637 0.004339219
3.037715977808877 0.02762761
3.039496124490467 0.01894622
3.0412792837179032 -0.004435199
3.0430645363997684 -0.01980111
3.0448509591128277 -0.007657943
3.0466404086885306 -0.007083972
3.04843103351567 -0.003802405
3.0502237644153576 -0.001528122
3.052019536587458 0.007933495
3.0538164918916593 0.0182305
3.0556164981290466 0.02690376
3.0574186275675816 0.02690021
3.0592219480819445 0.01180933
3.0610283341026716 0.01480791
3.0628359165291457 0.02228815
3.0646456350252222 0.01873348
3.0664584336959626 0.003784116
3.068273378248765 0.00531981
3.0700895299508724 0.01641942
3.0719087765969704 0.0210856
3.073729235806364 -0.005088033
3.075552799860247 -0.02466951
3.0773775819197913 -0.007810418
3.0792045306183784 -0.01697739
3.0810345990942376 -0.02805506
3.082866844198692 -0.01542962
3.084700318279379 -0.01114507
3.08653692717347 0.00277751
3.088374770572359 0.04284949
3.0902148039212354 0.03239226
3.092057987218669 0.01332582
3.0939024133676383 0.01955686
3.095749999613031 0.03568119
3.0975997938237576 0.02910046
3.099450839300293 0.001224365
3.1013050601823755 0.01421067
3.1031605379763234 0.03352908
3.105018237324617 0.01414113
3.1068791274889205 0.01586816
3.1087412830894423 0.02167047
3.1106066398387218 0.008490138
3.1124742364945073 0.005999152
3.1143431071801184 0.03369219
3.1162151946029644 0.03583979
3.1180885618221863 0.005205472
3.1199641828111813 0.009121142
3.1218430362296132 0.0001038287
3.123723178150931 -0.01179111
3.1256065630236365 0.01578513
3.127492220363102 0.03333261
3.129379174982992 -0.005148196
3.131268407944153 -0.01673743
3.1331609050448592 0.007281683
3.135054708272187 0.01836151
3.136951786305825 0.007836785
3.13885017640338 -0.03099908
3.1407518520228486 -0.0266053
3.142655833303478 -0.001925299
3.1445611356142305 -0.007930392
3.146468749587026 -0.01630529
3.148379670660596 0.001590897
3.150291921800933 0.01795921
3.152207490905881 0.01352155
3.154124396142884 0.01066056
3.156044630258325 0.02781112
3.1579672038789943 0.02701992
3.1598911227914726 0.02610886
3.161817387339704 0.01922538
3.163747002745183 0.008701947
3.165677972674501 0.006640962
3.1676123045266444 -0.01125601
3.169549001702998 -0.04124621
3.1714870627113996 -0.0089839
3.173427495273973 0.01858311
3.175371312044374 0.01960358
3.1773165020287166 0.01665861
3.179265087440917 0.0159066
3.1812150523643905 0.01454446
3.183168423987848 0.009514143
3.1851241959552112 0.00621237
3.187081356944507 0.0130293
3.189040924643282 0.003140441
3.19100392174382 0.008426078
3.192968317452573 0.01232784
3.1949361539933663 0.006259209
3.196905395577081 -0.01196304
3.198878089476459 -0.02377768
3.2008532194341726 -0.02964745
3.2028297641532246 1.204736e-05
3.204808751435354 0.01552817
3.206791214161703 0.0006554277
3.2087751014454247 -0.001251659
3.210762475818945 0.01278875
3.2127512813255295 0.00116301
3.2147435856221236 -0.008554516
3.216737327663298 0.01285687
3.2187345802496514 0.02260977
3.22073327722816 0.01510276
3.222735496562308 0.001342064
3.2247391669724794 -0.001954297
3.226746371604374 -0.007639093
3.2287550340326923 -0.003884288
3.2307672426047738 -0.008030701
3.2327809157304537 0.003706989
3.2347981469782296 -0.0007246429
3.236816849573792 -0.01380769
3.2388391223264192 -0.009562655
3.240862873258279 -0.007604204
3.2428902064391476 0.006456699
3.244919024668199 0.006155598
3.2469514372955235 -0.005431821
3.2489853418777317 -0.01241416
3.2510228530651455 -0.02346137
3.2530618631521455 -0.02949428
3.255104492109301 0.004242551
3.257148626948996 0.04600074
3.259196392982168 0.04042914
3.2612456719193372 0.02369245
3.2632985944320296 0.03127435
3.265353036908938 0.01045917
3.2674111354024977 -0.03840292
3.269470760959511 -0.01824245
3.271534055033746 0.01511914
3.2735988833099485 -0.01085284
3.2756673926637494 -0.03003902
3.2777374433975717 0.01089499
3.2798111878295386 0.02163105
3.281886480859382 -0.003148529
3.2839654802684577 -0.0104101
3.2860460355333303 -0.012271
3.288130309919434 -0.004111918
3.2902161474595912 0.01650975
3.292305716924262 0.01393441
3.2943968568818467 -0.007062275
3.296491741628889 0.00413762
3.2985882042485817 -0.002649182
3.3006884245847155 -0.005929235
3.3027902302143874 0.01074973
3.3048958065499074 -0.0006251384
3.3070029756412778 -0.03016054
3.30911392849071 -0.007433998
3.311226481600011 0.0159723
3.3133428315827844 0.01289095
3.3154607893714285 0.0021672
3.3175825572125404 -0.002919815
3.319705940447795 -0.01444908
3.3218331469784936 -0.01710518
3.323961976534158 -0.009119203
3.3260946426926203 -0.002339851
3.3282289395497107 0.01766928
3.330367086381729 0.0271851
3.332506871629169 0.01530829
3.3346505202888475 0.01126511
3.3367958151241606 0.006098234
3.3389449868746075 0.009854959
3.3410958126046175 0.02148741
3.3432505288186523 0.01911931
3.345406906860192 0.03094652
3.3475671890210505 0.05552316
3.3497291409016667 0.02908444
3.3518950106037195 0.01278772
3.354062557962394 0.006920323
3.3562340369118617 -0.00387274
3.3584072014997304 0.001647744
3.360584311515412 0.007511306
3.3627631151964947 0.02157079
3.364945878210495 0.0261388
3.367130342962428 0.01137973
3.3693187810208967 0.009138967
3.3715089289356723 -0.006138586
3.3737030641995456 0.00196393
3.3758989174842533 0.01380802
3.3780987722300013 0.01719169
3.3803003532075837 0.01308148
3.382505949827966 -0.005643629
3.3847132809379716 -0.01581534
3.386924641942794 -0.0005609445
3.3891377457421417 0.005463563
3.3913548937590257 -0.006444708
3.39357379292277 -0.004906483
3.3957967506979214 -0.008780354
3.3980214680200307 0.009340544
3.4002502584190197 0.0341289
3.402480816813154 0.0356564
3.4047154628216987 0.01373634
3.4069518853219996 -0.005864967
3.4091924100467534 -0.008170476
3.411434719808632 0.001743631
3.4136811464779857 0.0002339808
3.4159293667789257 -0.02006934
3.418181718743804 -0.02913995
3.4204358729841666 -0.01958229
3.4226941737188428 -0.0107559
3.4249542854226753 0.004710336
3.427218558525583 0.02609524
3.429484651341443 0.01852082
3.431754920535999 -0.0009382672
3.434027018237774 0.001499038
3.4363033073732074 0.01069128
3.4385814338609495 0.02425791
3.440863766913136 0.008912037
3.443147946213897 -0.004143006
3.4454363472862024 0.001750541
3.447726603554882 0.01948263
3.4500210968790075 0.02666533
3.4523174543992017 0.009408428
3.454618064336043 -0.01237659
3.456920547520904 -0.002876522
3.459227298561411 0.003376822
3.4615359319545114 0.02030343
3.4638488487205583 0.01772356
3.466163656996763 0.01354335
3.468482764242024 0.01832341
3.470803772208372 0.0225213
3.473129094819203 -0.002473953
3.4754563274157895 -0.02626356
3.477787890412121 -0.01601538
3.4801213727129943 0.02011849
3.482459201249228 0.01232595
3.484798958463287 0.001140403
3.4871430778291974 0.02286284
3.489489135301103 0.03632585
3.491839570922753 0.02197547
3.494191954133839 0.01155095
3.496548731574499 -0.001379577
3.4989074661436965 -0.02339752
3.50127061110477 -0.0456782
3.503635722789539 -0.0283054
3.506005261111495 -0.005587943
3.50837677580876 0.01103674
3.5107527334720783 0.02382838
3.5131306772191744 0.03511005
3.515513080345294 0.01958731
3.5178974793209195 0.01983368
3.520286354173194 0.0008121902
3.522677234698371 -0.00335028
3.525072607683037 0.006449765
3.5274699962220795 -0.002343123
3.529871893889227 -0.01589496
3.5322758170507194 -0.02139961
3.5346842660952733 -0.02766483
3.5370947506330515 -0.01949519
3.5395097778957614 -0.006752423
3.5419268507099084 -0.009937132
3.5443484831783447 -0.02262935
3.546772171316189 -0.01564382
3.5492004361257496 0.005380514
3.5516307667828757 0.02158535
3.5540656912177973 0.03992566
3.556502691739062 0.04078853
3.558944303233443 0.03258859
3.561388001114002 0.01397215
3.5638363272528344 -0.004841939
3.5662867501391746 0.003191659
3.5687418186593804 0.04208799
3.5711989943503637 0.05699253
3.5736608331418447 0.02834804
3.5761247895897577 0.01407239
3.5785934266964503 0.01439297
3.5810641920080672 0.0008190183
3.5835396556290062 -0.01783657
3.5860172580666565 -0.01655966
3.58849957655705 -0.01832759
3.5909840445396934 -0.01382595
3.5934732464120067 0.0007655089
3.595964608516323 0.002635642
3.5984607224413687 0.01098208
3.6009590074028517 0.02482788
3.6034620622108897 0.003599591
3.6059672989249525 -0.01571426
3.6084773236068033 -0.03263812
3.6109895411298933 -0.02499574
3.6135065648380515 0.003576542
3.6160257923887715 0.01781962
3.6185498444385424 0.002178924
3.6210761113987853 0.002123863
3.6236072212694146 0.01681967
3.6261405571855057 0.02261217
3.6286787545213337 0.003009967
3.6312191891051806 0.003942837
3.6337645037167956 0.006692229
3.6363120668470517 0.01251825
3.6388645287124604 -0.006215121
3.6414192504356957 -0.009169498
3.6439788897014957 0.0003779728
3.646540800233379 0.0002453064
3.6491076472159496 -0.002255836
3.6516767769424368 0.008000998
3.6542508621291345 0.00666451
3.6568272416076733 -0.002692787
3.659408595658039 0.0005334779
3.6619922556187783 0.02417957
3.664580909365753 0.02077321
3.667171880712766 0.009244361
3.669766518444797 0.002761966
3.672366178976438 -0.00263276
3.6749695253152113 -0.0149953
3.6775752128488595 0.01037515
3.6801859524358047 0.03249827
3.682799045123864 0.01411012
3.68541720949791 0.01527708
3.688037738952575 0.01237594
3.690663359832296 -0.008362064
3.693291357845954 -0.02471849
3.69592446713085 -0.01112437
3.698559965677364 7.911784e-05
3.7012005954491514 -0.005175147
3.703843626685156 -0.01056659
3.706491809209075 -0.007921771
3.7091424054752875 0.001825691
3.711798173201411 0.01352564
3.714456367023948 -0.003197051
3.7171197525885096 -0.01984923
3.7197855766802177 -0.01471142
3.7224566129069476 0.004014604
3.7251301001687485 0.006655428
3.7278074304148827 -0.004173787
3.730490003592462 -0.01050682
3.7331764403714653 -0.01096199
3.735865353435278 0.006332841
3.7385595404861696 0.02157048
3.741256216564861 0.01459375
3.7439581874749623 0.01607003
3.7466626602353954 0.01507609
3.7493710430075353 0.01624286
3.75208475209038 0.01294171
3.7548023922597 0.009505855
3.757522560165451 0.007553562
3.7602480861277305 0.006491147
3.7629761528912264 -0.004544334
3.7657095990197105 -0.005756157
3.7684455990961756 0.004060456
3.771185577779571 0.0004046109
3.773930968009519 -0.02898018
3.7766803583918596 -0.009150066
3.7794323292641443 0.0009623701
3.7821897441386456 0.001730802
3.7849497528995553 0.02521514
3.787713792770391 0.0174337
3.7904833093648436 -0.01238839
3.79325544009729 -0.01663642
3.7960330695216884 -0.01216731
3.798814769791825 -0.02662435
3.8015991046473787 -0.04386384
3.804388971380723 -0.01895431
3.8071814864378677 -0.002265499
3.809978104055836 -0.005768219
3.8127802870108494 -0.0139872
3.8155851390590003 -0.01033468
3.818395578908863 -0.006146853
3.821210161973456 -0.00967871
3.8240274351024306 -0.01739372
3.82685032997017 -0.01435114
3.829675928993213 -0.00789313
3.8325057037266133 0.01635328
3.835341134417201 -0.01100758
3.838180763728885 -0.04230781
3.841023125647933 -0.0212773
3.843871178038888 0.008625084
3.846721977399739 0.004040123
3.8495770084783083 0.005576332
3.852437764831018 0.002284489
3.8553012898681525 -0.002959709
3.8581705635475414 -0.007623243
3.8610441112706577 -0.01173881
3.8639204496057835 -0.004164138
3.8668025718877264 0.02523084
3.869687499516289 0.01891672
3.8725767351080056 0.02664942
3.875471790247065 0.01702065
3.878369673010775 -0.0135984
3.8812733992270054 -0.01581511
3.8841814767269556 -0.01668729
3.887092404349345 -0.01546521
3.8900092115418126 -0.02004299
3.8929288839751472 -0.03349244
3.8958529424598107 -0.01993009
3.8987829169368204 -0.01277499
3.9017157795140416 -0.01526145
3.904654582541665 -0.007133615
3.907597815965428 -0.01125912
3.91054396057546 -0.01138526
3.9134960825904206 0.01347867
3.916451131306074 0.01103179
3.9194106460599736 0.009956655
3.9223761754871105 0.02326123
3.925344655074077 0.02668614
3.9283191743615897 0.0233562
3.9312982050871788 0.01799742
3.9342802096656606 0.01409623
3.9372667415534797 0.02165639
3.9402593636323515 0.02953957
3.9432549834856476 0.03367596
3.946256718995346 0.007027337
3.949261468359109 0.004728815
3.9522723589928033 0.01940461
3.9552878440952104 0.03127529
3.958306367371206 0.02138842
3.961329501407262 0.01545217
3.964358828389249 0.01602843
3.9673912181001914 -0.0005979292
3.970429826821762 -0.01564366
3.9734730936269465 0.001654529
3.9765194479636636 0.03326519
3.979572060698025 0.02310141
3.9826277776339603 0.02979476
3.9856881908443165 0.03631744
3.988754902179775 0.01524568
3.9918247429264864 0.007987226
3.994900908480416 0.004623149
3.9979818187778804 0.007096903
4.001065883951485 0.02053199
4.004154710928059 0.03516075
4.0072499165490205 0.01825977
4.010348302760443 0.01631736
4.0134530947736815 0.008044624
4.016561084664287 0.001261926
4.019675507674967 0.004586763
4.022794764252159 0.02049888
4.025917244855481 0.04480255
4.029044576543385 0.05255936
4.032178396475231 0.05243543
4.035315466839593 0.04940439
4.038459053255967 0.03405987
4.041605907857852 0.01878649
4.044759306485569 0.03947431
4.047917629733736 0.04020004
4.051079248022465 0.005302556
4.054245808923395 -0.004356579
4.057418970300099 0.00142816
4.060595453838541 -0.003207396
4.063778566331432 -0.01205137
4.066965019220477 -0.008533101
4.070158129713497 0.002008254
4.07335459895991 0.01064193
4.076557754631988 0.006558336
4.079764287538524 0.006932282
4.082977535865895 0.02049316
4.08619418003363 0.02994622
4.089417568792182 0.01971807
4.092644372122871 0.01145403
4.0958779493905135 0.01733599
4.099114960088968 0.01479409
4.102358774248017 -0.00455098
4.1056060408245045 0.005439597
4.108860140564105 0.01371177
4.112117711836772 0.01420595
4.115382146155328 0.0250805
4.118650071252646 0.03401269
4.12192488946028 0.03159958
4.125203217823517 0.005649382
4.128488469544553 -0.01777557
4.131777250930269 -0.01086047
4.135072986105741 -0.007085245
4.138372270588298 -0.01794421
4.14167853947848 -0.01573685
4.144988377452589 -0.000259081
4.148305230639548 0.01582637
4.151625672822836 0.01195625
4.1549531612130135 -0.01688007
4.1582842586486075 -0.01929823
4.161622433475425 0.005705322
4.164964237534574 0.01706694
4.168313150361059 0.00329353
4.171665712745774 -0.005601243
4.175025415467216 0.003439872
4.178388788212932 0.008134097
4.181759333059567 -0.01778093
4.18513356853784 -0.02480303
4.188515008077551 0.0008642265
4.191900158998774 0.01983108
4.195292546139828 0.03514988
4.198688665555974 0.04640338
4.202092053549781 0.02825147
4.205499194857179 0.008139325
4.208913637301077 0.008045259
4.212331854243208 0.03421885
4.215757405083276 -0.01662114
4.2191867517535995 0.06523082
4.222623465287501 0.1215312
4.226063996132306 0.04955072
4.229511927012158 -0.029551
4.232963696833447 0.01306703
4.236422900068715 0.08778189
4.239885964027112 0.0657247
4.243356494987535 -0.06677204
4.246830908605226 -0.02836733
4.2503128230237746 0.05970642
4.253798642187474 0.06047572
4.257291996163328 0.02382791
4.260789277127273 0.02252937
4.264294127128842 0.01144602
4.267802926517822 -0.01179795
4.27131932938578 0.004539327
4.274839704198192 0.05171639
4.278367717148553 0.01749951
4.281899724759486 -0.004060858
4.285439405386711 -0.04611112
4.288983103551064 -0.04046921
4.292534509831191 -0.01754874
4.296089956686822 -0.048907
4.299653146980633 -0.006416063
4.303220401051536 0.05402663
4.3067954341077535 0.06861851
4.310374554307272 0.06583941
4.313961489265785 0.0428408
4.317552534899857 -0.01047177
4.321151431294989 -0.02650202
4.324754462065417 -0.001766573
4.328365379829211 0.005922354
4.331980455836976 -0.01492698
4.33560345530253 -0.03005903
4.339230637051128 -0.0007269908
4.342865778955949 0.01989106
4.3465051273547735 0.02328248
4.350152472844173 0.02556484
4.353804049211917 0.00905025
4.357463659842443 -0.0003778518
4.361127525910549 -0.004984641
4.364799463653442 0.01390701
4.368475681569575 0.02483375
4.372160008814275 0.002283952
4.375848641145842 -0.001957433
4.379545420703512 0.02860669
4.383246530441209 0.02759024
4.3869558255483145 0.002734942
4.390669476109709 -0.001282533
4.394391350431617 0.007331888
4.398117605664776 0.01594897
4.401852123299399 0.008345712
4.405591047486545 -0.0006501304
4.409338272968022 -0.005519975
4.413089930829229 -0.002613125
4.416849929131643 0.001282762
4.420614385828571 -0.01454333
4.4243872223697025 -0.02473102
4.428164543509373 -0.02338383
4.431950284154492 -0.02375371
4.4357405357931 -0.0228073
4.439539246858804 -0.01139441
4.443342495505559 -0.005315386
4.447154243763644 0.01235244
4.450970556384672 0.006274599
4.454795409066043 -0.001361277
4.458624853088311 -0.00545491
4.462462877886934 -0.01645706
4.466305521202222 -0.01015196
4.470156786279122 0.01161587
4.4740126972480345 0.01664231
4.477877271235325 0.008004718
4.481746518691348 -0.02030832
4.485624470696312 -0.02084314
4.489507123949903 -0.007542568
4.493398523559113 0.006711105
4.497294652401847 -0.006646095
4.501199569685321 -0.0116898
4.505109244394067 -0.002663226
4.509027749909481 0.01764835
4.51295104125063 0.01983896
4.516883206047565 0.01659948
4.520820185281295 -0.004738396
4.524766080905533 -0.003614343
4.528716819790131 -0.003235821
4.532676518287989 -0.0001057046
4.536641089084206 0.01414262
4.540614663006932 0.006638125
4.544593138482388 -0.006719089
4.548580660890576 0.004332958
4.5525731143242165 0.01779547
4.556574658792298 0.02110054
4.560581163978888 0.009622236
4.5645968045996534 0.003526624
4.568617435854327 -0.009581811
4.572647247243494 -0.01909702
4.576682079406349 -0.005738596
4.580726136707191 0.01429582
4.584775245147933 0.02998001
4.588833624035943 0.02891399
4.592897084658575 -0.0004673825
4.596969861346195 0.009386057
4.601047750593765 0.02156431
4.605135001835146 -0.005834541
4.609227396694538 -0.0116829
4.61332919979037 0.01262811
4.61743617779715 0.01519746
4.62155261059953 0.001708052
4.6256742498428425 -0.003818948
4.629805390760205 0.01074013
4.63394176988772 0.0118754
4.638087697889809 0.001257172
4.642238896112729 -0.007157309
4.646399690735636 0.001931256
4.650565787833749 -0.0009237971
4.654741529184996 0.007357992
4.658922605511785 0.04176016
4.663113374275469 0.06077533
4.667309510763283 0.06139448
4.671515388205266 0.06672818
4.6757266663705375 0.06671238
4.6799477343437035 0.06349054
4.6841742362922325 0.07030314
4.6884105772417985 0.07383846
4.692652385674083 0.06261126
4.696904082642967 0.02215221
4.701161280859598 0.001105852
4.705428417493842 0.02139535
4.709701089400959 0.03852712
4.713983749955217 0.02921359
4.718271980070019 0.02427772
4.722570249413103 0.03283053
4.72687412286942 0.02259634
4.731188086489903 0.02640248
4.735507689043835 0.03851161
4.739837433055721 0.0518733
4.744172851091325 0.05022577
4.7485184622397805 0.06152142
4.752869782774839 0.06549469
4.757231348441983 0.07486688
4.761598659133817 0.07341538
4.765976267344579 0.0540595
4.770359656495943 0.04340051
4.774753395923984 0.01549593
4.7791529524890075 0.02108593
4.7835629124627115 0.04066509
4.787978726052925 0.0285307
4.792404996561449 0.03099288
4.796837157451863 0.04379129
4.801279829151259 0.02721295
4.805728428286518 0.003467974
4.810187592505921 0.01418374
4.8146527215065245 0.02717817
4.8191284702544115 0.04484227
4.823610221423004 0.0631014
4.828102647393525 0.07051427
4.832601113721253 0.03680596
4.837110310300626 0.03927742
4.841625585473574 0.06295675
4.84615164674656 0.06148366
4.850683825152251 0.05028033
4.855226845908694 0.02059916
4.859776022642668 -0.006828865
4.864336098384117 0.003100513
4.868902369256581 0.01406691
4.873479596202975 0.04192569
4.878063057745535 0.05166481
4.882657532841975 0.05905951
4.887258282314429 0.05278062
4.891870103238027 0.02207094
4.896488238635251 0.02091435
4.901117503802041 0.02415434
4.905753123860945 0.0187848
4.910399932432897 0.03438576
4.91505313663946 0.04237534
4.919717588531548 0.04239384
4.924388477127939 0.06305509
4.9290706730153095 0.0795147
4.933759347007082 0.05693008
4.938459388332297 0.03177982
4.943165949495674 0.03031835
4.947883938476032 0.05552454
4.952608489365264 0.05183628
4.957344529000218 0.02559512
4.962087172955037 0.01218926
4.966841367033683 0.0009111594
4.971602208186837 0.006742758
4.9763746612955 0.02364027
4.981153804580369 0.0561365
4.985944622110272 0.05178688
4.990742173268586 0.03432842
4.995551461423602 0.02610013
5.000367527013235 0.01587779
5.005195392817744 0.01108069
5.010030080220601 0.01259782
5.014874116629924 0.02895227
5.0197300489574275 0.03900761
5.024595394455861 0.0459023
5.029467650967016 0.03829246
5.034349365722323 0.06441912
5.039243105685526 0.06939065
5.044146369021678 0.07067402
5.049056634258456 0.03731382
5.0539790229546675 0.02324063
5.0589084595573155 0.02412035
5.063850085730982 0.03517518
5.068798806196504 0.05025786
5.073759782843082 0.04890877
5.078727900550382 0.04370357
5.083708341551995 0.05257896
5.088695970770529 0.05775741
5.093695990904697 0.03318874
5.098703246803241 0.05099136
5.1037229617516795 0.07569677
5.108749960407188 0.06258839
5.1137894867647455 0.05563295
5.118836345171325 0.04681685
5.123893175025529 0.0317677
5.128962636532985 0.04709676
5.13404213919107 0.03734732
5.139129071796203 0.02389496
5.144226094909943 0.03807551
5.1493358901502475 0.02774299
5.154455846673494 0.02423888
5.159583332688385 0.02112062
5.164721030175915 0.007344651
5.169871642426862 -0.006309524
5.175032538017082 0.01901402
5.180201064324111 0.0266677
5.185379925009035 0.007037594
5.190571845300197 -0.007131929
5.1957741729496565 -0.01554167
5.200984234256492 -0.02948778
5.2062047548268024 -0.003517493
5.211438482095582 0.02226572
5.216682742743985 0.02443781
5.221934841741431 0.01983512
5.227197526908306 0.02190998
5.2324735681597705 0.01581453
5.2377575274432315 0.01259424
5.243054918378742 -0.001248638
5.248360281039197 9.159047e-05
5.253679151509802 0.002493259
5.259006047856955 0.01131663
5.264346528768865 0.01407014
5.269695090172387 0.01823091
5.275057313497712 -0.0106793
5.280427672398043 -0.02851049
5.285811771185665 -0.01830693
5.291204061104941 0.001086972
5.296610169491525 0.009812533
5.302024525044644 -0.009360641
5.307452778265769 -0.02221973
5.312889335171593 -0.003316248
5.318339869573033 0.0171658
5.323798764665735 0.02744613
5.329271717714872 0.02293295
5.334755934915977 0.01139718
5.340248599252792 -0.01917952
5.345752585740526 0.007517093
5.351270793031575 0.02526412
5.356800404545567 0.008687181
5.36233858020289 -0.01666269
5.367888219095726 -0.02042127
5.373452244249196 -0.002064877
5.379024922636174 -0.01376767
5.384612071007957 0.002720582
5.390207932661211 0.01562784
5.395818348696127 0.005129177
5.401437538586519 0.01125163
5.407071367934985 0.006997774
5.4127140322446206 -0.01750336
5.418371421775243 0.006553458
5.424037707910146 0.0316248
5.42971880572249 0.01321223
5.435408862325442 0.01227398
5.441113817762951 -0.006574721
5.44682779472649 -0.0358712
5.452556758389576 -0.03077633
5.458294806869155 -0.008448447
5.464047930628448 0.02684277
5.469810203055764 0.02988104
5.475587640065532 0.006194463
5.481374290162029 -0.001375179
5.487176194873769 -0.021814
5.4929873776643054 -0.01097582
5.49881390584051 -0.01380915
5.504649777667195 -0.01901153
5.510501086395289 -0.01493647
5.516361804931517 0.01036306
5.522238052637974 0.03211677
5.528123776902614 0.03045428
5.534025123367255 0.03147163
5.539936013739042 0.01581206
5.545862620109521 -0.01751103
5.551798838341611 -0.004256377
5.557750867148078 -0.02023826
5.563712576382819 0.00141999
5.569690191552786 -0.006704356
5.575677556336646 -0.02887976
5.581680923210024 0.004236002
5.587694109508747 0.009134168
5.593723394853104 -0.008072685
5.599762570067029 0.002687887
5.605817942093021 0.01287274
5.611883275072632 0.009899091
5.617964903449655 0.02407191
5.624056564511303 0.05496096
5.6301646203833355 0.0284236
5.636282781325192 -0.009833855
5.6424174373268485 0.01336815
5.648562271445049 0.04487475
5.654723701717849 0.02203593
5.660895383822859 0.007579314
5.667083764031699 0.022495
5.673282470464891 0.03679983
5.679497977814744 0.02889804
5.685723886465191 0.03814127
5.69196669971802 0.04205215
5.698219990039512 0.02391309
5.704490289531405 0.02345343
5.710771142559693 0.007911884
5.717069110218232 -0.06194779
5.723377708588501 -0.06743121
5.729703527950353 -0.0352008
5.736040055914918 -0.02490834
5.742393912143671 -0.0339176
5.74875855558992 -0.02509916
5.75514063549414 0.008074312
5.761533581962713 0.005933743
5.767944074014258 0.05664296
5.774365512717464 0.04335956
5.780804607070039 0.04387605
5.78725472891052 0.03534419
5.793722617418479 0.003981784
5.800201615008138 -0.001138113
5.806698491245531 0.01116047
5.813206558924697 0.01339418
5.819732618204589 0.04619016
5.826269952061451 -0.04791491
5.832825391455494 -0.0476688
5.839392189345796 -0.006317088
5.845977207704063 -0.01163262
5.852573669271061 -0.005668998
5.859188467242157 0.00429144
5.86581479393686 -0.01713619
5.8724595739882925 0.01481065
5.87911596908996 0.06443366
5.885790935528812 0.06986363
5.892477604165746 -0.02477171
5.899182963159602 -0.05557407
5.90590011233022 -0.005067621
5.9126360719284 -0.01578642
5.919383910522592 -0.0256336
5.926150680677667 -0.0281324
5.932929419498454 0.02789723
5.939727212088058 -0.01526729
5.946537063873539 -0.06052108
5.9533660927224865 -0.02961144
5.9602072721680965 -0.01243558
5.967067753070802 -0.05404563
5.973940476851877 -0.02818242
5.980832627595083 0.004935825
5.98773711438973 0.0136749
5.994661154775557 0.0479408
6.001597625287852 0.03595296
6.008553777157161 0.03391151
6.015522454140664 0.04146281
6.022510941396753 0.04101599
6.029512049678356 0.05138854
6.036533098310978 0.02662795
6.043566864815078 -0.018054
6.05062070292481 0.06062407
6.0576873566978335 0.02494729
6.064774214520768 -0.02173809
6.071873986756027 -0.0614933
6.078994096688833 -0.01710211
6.086127220751746 -0.04414559
6.093280817377061 -0.06506846
6.100447528830715 -0.02035028
6.107634848942921 0.02441355
6.114835385574003 0.07891729
6.122056668205343 0.01560247
6.1292912700504445 0.004728836
6.13654675649753 0.01348714
6.1438156658698135 -0.007738342
6.151105599720494 -0.005801965
6.158409061236757 -0.004874594
6.165733688397384 0.01454625
6.173071949005487 0.0006352438
6.180431517728567 -0.009968738
6.1878048267352765 0.006986031
6.195199587647515 0.0270724
6.202608196746732 0.008289357
6.210038402877483 -0.01381804
6.217482566178885 -0.01866587
6.2249484729890145 -0.03106814
6.2324284470471065 -0.02736779
6.23993031245827 -0.018405
6.247446356301862 -0.04300921
6.254984440726204 -0.03557883
6.262536815888306 -0.007992285
6.2701113822585945 0.005450044
6.27770035280676 0.0159864
6.285311666606956 0.006235225
6.292937499174052 -0.009761479
6.30058582847033 -0.003293178
6.308248792285768 0.01359681
6.315934407757989 0.02808616
6.323634774679408 0.01845385
6.331357949653041 0.01445515
6.33909599419846 0.04195739
6.346857004676998 0.0507516
6.354633004057433 0.0100792
6.362432128755267 0.01535419
6.370246362907839 0.02639709
6.378083883283617 0.01353267
6.385936634905146 -0.004683642
6.393812835195638 -0.005312966
6.401704389776733 0.01380493
6.409619557031193 0.08301273
6.417550202890849 0.09278437
6.425504627005882 0.02423286
6.433474655326596 0.03514713
6.441468629081556 -0.004790742
6.449478333944959 -0.03953519
6.457512153037872 -0.01455252
6.465561831460907 0.01108577
6.473635794544926 -0.02725681
6.481725746516558 -0.09187932
6.489840155236977 -0.08390637
6.497970683755463 -0.1405066
6.506125842787276 -0.09754453
6.514297253897992 -0.01929422
6.522493470984036 0.001074153
6.530706073817876 -0.01230903
6.538943659807534 -0.01307191
6.547197766619897 -0.02625988
6.555477035508397 -0.009997323
6.563772961718764 -0.0282801
6.57209423068708 0.02098681
6.5804322949191825 0.027583
6.588795884374538 0.003089355
6.597176408497163 0.02090929
6.605582642114156 0.0009460182
6.6140059512825555 -0.00163484
6.622455156044912 0.08494068
6.630921578742857 0.1110799
6.6394140849858285 -0.1657207
6.647923953068316 -0.01023311
6.6564600945217345 0.02063938
6.665013743258338 0.02410699
6.673593857090326 0.03098557
6.682191625209235 0.03888379
6.690816052070606 0.01073358
6.6994582818033335 0.02551414
6.70812736587267 0.0647416
6.716814402999461 0.01673794
6.725528492028903 -0.004021758
6.734260685924856 0.01114211
6.743020131286602 -0.02030016
6.751797834968507 -0.04843007
6.7606029917020365 0.005377854
6.769426561875943 0.06504747
6.778277788735994 -0.00364689
6.78714758584554 -0.08064119
6.796045245350825 -0.03977289
6.804961633626308 -0.04097337
6.81390609210902 -0.02730265
6.822869439617264 0.02115021
6.831861067273336 -0.02656552
6.840871745968333 -0.03717167
6.8499109169085255 0.03789227
6.858969302682886 0.1255396
6.868056394984671 0.08212171
6.877162867721899 0.02401246
6.886298263482166 0.002536857
6.895453207109764 0.01346497
6.904637292498387 -6.475315e-05
6.913841095041808 -0.00805067
6.923074260356054 0.01760114
6.932327313993526 0.01998385
6.941609953713345 -0.007202242
6.950912654831579 -0.03859088
6.960245167675787 -0.02215638
6.969597916926574 -0.01983907
6.97898070590994 -0.03132431
6.988383908267678 0.005758273
6.997817380758941 0.01658581
7.007271445579078 0.002911919
7.016756013359903 0.02726731
7.026261354438349 0.008991493
7.035797433763244 -0.02868773
7.045354469396742 -0.06884902
7.054942481053953 -0.04050255
7.064551634101439 -0.01376228
7.074192003474843 -0.008193702
7.083853701419817 0.003312211
7.093546858551838 0.02091778
7.103261533565751 0.0005907035
7.1130079132213035 -0.01966016
7.122776002228004 7.664434e-05
7.132576043959492 0.04707614
7.142397988700727 0.04928152
7.152252136914132 0.01330838
7.1621283840161345 0.03841789
7.17203708803819 0.09476551
7.181968089079387 0.07043446
7.191931803225869 0.04002206
7.201918014805703 0.0422418
7.211937198450876 0.003281185
7.221979082259787 -0.005735162
7.2320541999069965 0.006428563
7.2421522227975705 0.01451254
7.2522837441510335 0.04222561
7.262438378210361 0.02201452
7.272626778248155 -0.0145436
7.282838500871391 -0.0001600829
7.293084259919688 0.01609019
7.3033535538848735 -0.008557456
7.313657157693419 -0.0218863
7.323984511237557 0.0344926
7.3343464510564385 0.05967196
7.344732357952876 0.01928785
7.355153130610603 0.01302586
7.365598090247728 0.01279152
7.376078198230626 -0.02975128
7.386582715691908 -0.02977055
7.397122667224903 0.003598683
7.407687253370312 -0.003174449
7.4182820594041186 -0.01307045
7.428912734047896 -0.002432028
7.439573920722412 -0.01746966
7.450260200337497 -0.006181959
7.460977223874829 -0.03044809
7.471730706870556 -0.05854158
7.4825152325303845 0.00944824
7.493325320470791 0.02314833
7.504172319809814 0.015364
7.515045120330902 -0.00512467
7.525955137781424 -0.04367672
7.536891198192351 -0.01731796
7.547864784531105 0.02318195
7.558864658528289 0.02386501
7.569902370969122 0.03505349
7.580966618729687 0.02697683
7.592069021017884 0.01611849
7.603198209294757 0.04533597
7.614365871803013 0.03820169
7.625560574021699 0.006563031
7.636794073847798 -0.01437866
7.648054870204861 -0.02995139
7.6593489247040045 -0.02687041
7.670682268834402 -0.04280362
7.682049201988728 -0.06560503
7.693443954799478 -0.04249688
7.704872561407833 -0.006765194
7.716341127095083 -0.01850328
7.727843885188969 -0.03643104
7.739374999032578 0.001466017
7.750940576638976 0.03597207
7.762546798454011 0.03936341
7.774187830597338 0.05690479
7.7858577679502945 0.05084012
7.797562793773179 0.05363857
7.80930916508333 0.05114479
7.821090979622929 0.03386238
7.832902262612148 0.030517
7.844749273968454 0.03603421
7.8566383487231795 0.01757826
7.868563515044692 -0.02710515
7.880518727264703 -0.01175041
7.892510323403504 0.03149313
7.9045447179856065 0.0508703
7.916609601105793 0.04453965
7.928717656778498 0.05256158
7.940856500782174 0.03147855
7.953038895927327 0.01443104
7.9652523830043815 0.02642662
7.97750980435955 0.006583241
7.989798625115452 0.0165984
8.00213176790297 0.04925493
8.014496621488949 0.05577069
8.026906189547363 -0.006798854
8.039347783792996 -0.0522068
8.051834489710963 -0.03173514
8.064353541259248 0.01593681
8.076918106511934 0.01036713
8.089521884988033 -0.004684163
8.10215849604493 -0.01296802
8.114834648071794 -0.05766971
8.127557132662863 -0.02572535
8.140319572665783 0.01836958
8.153115509263976 0.07356236
8.16595173759204 0.08154832
8.178835137584365 0.01423818
8.191752543539165 -0.02685597
8.204717548496035 0.002780259
8.217716904583266 0.05543855
8.230764292310656 0.04434672
8.243846380869 -0.005605207
8.256976939089107 0.01548194
8.270142552447176 0.04996782
8.28335707895696 0.02810648
8.296607019593267 0.01685097
8.309906322426027 -0.05542409
8.323241403132036 -0.06929313
8.336626300722118 -0.01614195
8.350047344768445 -0.005807321
8.363518666119134 -0.0225585
8.377026507424977 0.05716136
8.390585092279656 0.1082806
8.404180575585519 0.08343986
8.417827274602153 0.02776432
8.431511255645951 0.009977933
8.445246930575003 -0.0006015383
8.459020276271602 -0.04724142
8.47284580013743 -0.06558673
8.48670938876173 -0.0241791
8.500625646047549 0.0004681307
8.514580367421173 -0.0262413
8.528588254257684 -0.03881899
8.542635009939357 -0.06151621
8.556735434297106 -0.03001149
8.570875137776818 0.01245386
8.585069019662383 0.004558027
8.599302596559419 0.04406734
8.613590868215507 0.01648836
8.62791925648043 -0.02745702
8.642302862589977 0.00947755
8.656727012710672 0.05284807
8.67120691060506 0.02283678
8.685727785816901 0.01100346
8.700304945688346 0.009319969
8.714923522188629 -0.008283331
8.729598927306885 -0.0231062
8.744316194473592 0.01462175
8.759090841407025 0.08200633
8.773907802022036 0.08038702
8.788782700863234 0.006334139
8.803700371340081 -0.02761185
8.818676545936045 0.01140469
8.833695956552349 0.05723663
8.848774444739405 0.03208913
8.863896639874062 -0.01808429
8.879078493717609 -0.01430392
8.894304532092873 0.03559595
8.909590818132086 0.0895738
8.924921773060658 0.09186519
8.940313572558244 0.05770971
8.955750532195475 0.06830349
8.971248941392624 0.111944
8.986793008993983 0.1744275
9.002399139370642 0.2341185
9.018051433554547 0.2605887
9.03376641209513 0.2628553
9.0495280671113 0.3295936
9.065353036575978 0.3783069
9.08122520257943 0.4479196
9.097161321781153 0.5369829
9.113145165111964 0.6095399
9.129193609199307 0.7326496
9.14529031266833 0.9761382
9.161452273414382 1.218329
9.177663036595012 1.549933
9.19393972269239 1.96747
9.210265762218569 2.500792
9.22665839958074 3.243988
9.24310094945133 4.268239
9.25961078152041 5.85965
9.276171093410115 8.177306
9.292799381471273 11.41685
9.309478725048269 15.68764
9.326226748550939 20.76895
9.343026411801363 26.30554
9.359895468687407 31.56647
9.37681675824691 35.83626
9.393808165285934 38.97701
9.410852406778448 41.24561
9.427967499910434 42.66208
9.44513603829436 43.58591
9.462376172979805 44.02338
9.479670372901795 44.13934
9.497036924479561 43.9042
9.514458170636098 43.5333
9.531952534689157 43.1175
9.549502232196147 42.84626
9.567125824925423 42.72191
9.58480539969597 42.75375
9.602559658302518 42.89544
9.62037055743313 43.27531
9.638256940508823 43.67284
9.656200632674265 44.1581
9.674220620601252 44.58422
9.69229859645824 44.97872
9.710453691817388 45.11563
9.728667464417398 45.19245
9.74695919240595 45.25619
9.765310297617363 45.15582
9.783740206476054 44.98627
9.802230203415881 44.90259
9.820799864865794 44.85593
9.839430336341247 44.90345
9.858141346030619 44.99975
9.876913898990777 45.02311
9.895767876952064 44.87465
9.914684142949916 44.74892
9.933682734067366 44.56485
9.95274436973251 44.42443
9.971889244220543 44.18131
9.991097931742816 43.96227
10.010388781477417 43.79479
10.029750245177244 43.82126
10.049188769187419 44.01926
10.06870075901894 44.36898
10.08829070257076 44.79887
10.10795600249343 45.23853
10.127698120056163 45.31754
10.147517506243512 44.73754
10.16741461557717 43.07413
10.187389906150708 40.02964
10.20744383966474 35.5944
10.227576881462486 30.30464
10.247788450393992 24.80304
10.268082169711478 19.79297
10.28845430686529 15.53472
10.30890956787422 12.11851
10.329444194299736 9.399217
10.350062933557668 7.292929
10.370762001071716 5.718526
10.39154618621422 4.531286
10.412411678019492 3.541357
10.433363308386118 2.755811
10.454397239704589 2.118853
10.475517249615233 1.546738
10.496722765701707 1.081057
10.518014308285943 0.7864423
10.539392401920152 0.596034
10.56085757542987 0.4537162
10.58241036195759 0.3048024
10.604051299006889 0.2684689
10.625782057559436 0.2298663
10.647599796758614 0.08409845
10.66950959306277 0.09476437
10.691507457647196 0.2087734
10.713598513466778 0.1772702
10.73577874332986 0.03996944
10.758052159985576 0.05441971
10.780418189670247 0.1336991
10.802877411215741 0.1367875
10.825430408287604 0.08689359
10.848077769435607 0.05387163
10.870820088144956 0.1081966
10.89365796288814 0.1862343
10.916591997177406 0.1655294
10.939622799617943 0.0290906
10.962750983961715 -0.08464066
10.985977169161968 -0.159787
11.009301979428459 -0.1622437
11.032726044283377 -0.07894839
11.05624999861797 -0.0161391
11.079874482749911 0.1017314
11.103600142481397 0.06960102
11.127427629158001 -0.04428376
11.151357599728264 0.04103092
11.175390716804088 0.2001261
11.199527648721887 0.1415016
11.22376906960454 -0.03482495
11.248115659424156 -0.1022409
11.272568104065645 -0.04761925
11.297127095391135 -0.07012977
11.321793331305225 -0.1095906
11.346567515821086 -0.08219741
11.371450359127458 -0.04052236
11.396442577656499 0.03626525
11.421544894152545 0.04372139
11.446758037741793 0.0554902
11.472082744002883 0.04336562
11.497519755038445 -0.006924833
11.523069819547574 -0.06687262
11.548733692899308 -0.06693388
11.574512137207044 -0.07190821
11.600405921404 -0.03173151
11.626414469584368 -0.03089711
11.65254261975726 -0.07377167
11.678785742631796 -0.02949876
11.70515007875225 -0.01009019
11.731630964185207 0.0286358
11.758234703300936 -0.03546683
11.784956597183347 -0.06692453
11.81180301503359 -0.03508635
11.838769222609587 0.00705651
11.865861654969695 0.006002333
11.893076956651994 -0.04126323
11.920415965299192 -0.07731369
11.94788380874162 -0.1252621
11.975475662899461 -0.1410697
12.00319813211032 -0.08107109
12.031046355741918 0.003952371
12.059027007758658 0.06987178
12.087135190618351 0.09977671
12.115377649042467 0.1058716
12.143749448218385 0.1133827
12.172257404779778 0.008084703
12.200896546280015 -0.1117376
12.22967376244568 -0.1141491
12.258584042829531 -0.005429044
12.28763284159865 0.02274595
12.316819639513785 0.06753897
12.346145422283854 0.09847432
12.375611185027886 0.1570906
12.405217932387593 0.124108
12.434966678641539 0.0624202
12.464858447820982 0.005130888
12.494894273827356 -0.06118117
12.525075200551504 -0.01453816
12.555402281994585 0.05574885
12.585876582390798 0.05144217
12.616499176331853 -0.02772155
12.647271148893287 -0.002148786
12.678193595762643 0.1006511
12.709267623369495 0.1666913
12.740494349017434 0.1538778
12.77187490101797 0.2054286
12.80341041882644 0.1818766
12.835102053179936 0.1142187
12.86695096623725 0.06232451
12.898958331720962 0.1050963
12.93112533506162 0.02111247
12.963453173544082 -0.05426048
12.995943056456065 -0.01753963
13.028596205238955 -0.01533777
13.06141385364085 0.0107856
13.094397247871965 -0.005079404
13.127547646762372 -0.1100452
13.16086632192216 -0.06003449
13.194354557904019 0.04858203
13.228013652368329 0.04235167
13.261844916250785 0.03092026
13.295849673932581 0.04779881
13.330029263413241 0.02745222
13.364385036486107 0.07926857
13.398918358916557 0.1518126
13.433630610622993 0.1679737
13.468523185860636 0.1243478
13.503597493408218 0.05819673
13.538854956757573 -0.04401083
13.574297014306222 0.04273366
13.609925119552985 0.09582077
13.645740741296677 0.180707
13.681745363837972 0.05888998
13.717940487184427 -0.1545128
13.754327627258823 -0.04175079
13.790908316110787 0.02489461
13.827682190083616 -0.006055937
13.8646565502738 0.05470134
13.901825309663158 0.1470579
13.939197776865226 0.09478263
13.976767816535355 -0.0628079
14.014544855232554 -0.1751843
14.052522708876698 -0.1485268
14.090710924274546 -0.1006265
14.129103268202877 -0.1021419
14.167709410079247 -0.06496946
14.206523067131503 -0.006684528
14.245554033813818 0.1442348
14.284795977401455 0.1730934
14.324256768032269 0.2645606
14.363936178158774 0.06131256
14.403836029611407 -0.1332679
14.443960250799146 -0.1836783
14.484304445595141 -0.07670683
14.524878866141476 0.1026236
14.565677001742783 0.06048572
14.606709241328984 -0.02822532
14.647969022475113 0.06885722
14.689466873709804 0.06686264
14.731196180495456 0.007460112
14.773165431383816 0.03794167
14.815374506740625 0.1395439
14.857825468095792 0.03721419
14.900520400674994 -0.1012714
14.943461413741112 -0.1356831
14.986650640941582 -0.1721749
15.030090240661805 -0.09008311
15.073782396384702 -0.009357386
15.117729317056577 -0.01833014
15.161933237459374 -0.007073704
15.206396418589515 0.1447922
15.251121148043397 0.04007085
15.296109740409722 -0.1373874
15.341364537668804 -0.02273116
15.386887909598956 0.03582647
15.432682254190166 -0.01231247
15.478749998065156 0.01226741
15.525093596908022 -0.05113675
15.571715535900589 -0.1461168
15.61861833016666 -0.179996
15.665804525224296 -0.04228264
15.713276697446359 -0.07490858
15.761037454529406 -0.1737237
15.809089435971213 -0.109604
15.857435313556996 -0.09870411
15.906077791854655 -0.0190123
15.9550196087191 0.1007011
16.00426353580594 0.07287789
16.053812379094726 0.1928634
16.103668979421926 0.04938658
16.15383621302387 0.02299496
16.20431699208986 0.1268164
16.255114265325727 -0.01105829
16.306231018527953 -0.1980576
16.35767027516873 -0.1222966
16.40943509699207 -0.08425577
16.461525874802525 -0.1994907
16.513953878178214 -0.05197199
16.566711413354195 0.3047568
16.619812644852054 0.2180263
16.673249821471178 -0.1401617
16.727037332238268 -0.1022562
16.78117018455931 0.150168
16.835654549204307 0.2211655
16.890493861150006 0.1717822
16.94569160027486 0.009187113
17.001251292095098 -0.1582045
17.05717650851537 -0.2502537
17.113470868594213 -0.1426962
17.170135091188868 -0.01814837
17.227181736431014 -0.1015275
17.28460273760452 -0.008642136
17.34241382121012 -0.1403726
17.400606863564974 -0.2908908
17.45919785461377 -0.2763659
17.518178613947693 -0.2250752
17.577565401726467 0.1524902
17.637349981110397 0.3218953
17.69754888947881 0.3551661
17.75815383391438 0.339124
17.819178461032397 0.01472105
17.880623947948788 -0.2044615
17.942494663453523 -0.1018197
18.004795037014258 0.01542615
18.067529559833424 0.1066858
18.13070278592753 0.1714951
18.19431933322914 0.1928755
18.25838388471218 0.2505339
18.322901189541067 0.6878498
18.38787944538478 1.995475
18.453313393913103 3.942065
18.51921813342578 7.92748
18.585595308698373 13.95452
18.65245001796231 17.51582
18.719787433069737 16.82703
18.787612800827258 14.9127
18.855931444358692 13.79568
18.924748764497778 13.9671
18.994070241211396 15.35526
19.063901435054245 16.13851
19.134247988655687 15.51403
19.20511562823966 13.88099
19.276510165178486 11.53886
19.348437497581447 8.785499
19.420903611919076 7.050075
19.4939145846841 6.281268
19.567476584089956 6.433092
19.641595871807944 6.497198
19.716278804743972 6.290938
19.791531836856027 7.222796
19.867361521013407 8.530472
19.943774510898876 10.53352
20.020777562954834 12.59967
20.098377538374837 13.98522
20.17658140514152 14.4895
20.255396240112326 14.13357
20.33482923115434 13.21694
20.41488767932948 13.2745
20.49557900113156 13.82342
20.576910730776635 13.78395
20.65889052254804 14.04055
20.741526153197743 15.34273
20.82482552440555 17.23011
20.908796665297835 19.3658
20.993447735027424 20.72758
21.078787025416382 20.48419
21.164822963663596 18.77
21.25156411511887 15.83005
21.33901918612554 14.07021
21.427197026933555 12.44649
21.516106634685126 9.972963
21.60575715647494 8.247121
21.696157892487296 7.375559
21.787318299212213 7.35199
21.87924799274309 7.415726
21.971956752158086 8.079145
22.065454522987903 8.982741
22.159751420772466 10.53363
22.25485773470919 11.04887
22.350778935821303 11.00835
22.447535619749523 10.25537
22.54513366671574 10.25422
22.64358409895065 10.51756
22.74289813205755 9.697039
22.843087179271635 9.834477
22.944162855832417 9.338014
23.046136983472692 9.09868
23.149021595027776 9.126484
23.252828939168737 8.913873
23.35757148526359 7.222756
23.463261928370414 5.739539
23.569913194366695 5.491803
23.677538445219174 3.549742
23.786151084398735 -0.2087341
23.895764762445037 -2.078203
24.006393382685676 0.1043699
24.118051107115015 1.688657
24.230752362437777 2.459476
24.344511846282913 1.8222
24.45934453359332 1.231726
24.5752656831973 0.8642014
24.692290844567708 1.913137
24.810435864775187 1.217557
24.929716895641963 0.7005855
25.050150401103007 0.6726018
