wavelength transmission
2.5001837635066173 0.003494988
2.5013901475745146 -0.02372068
2.502597070109506 -0.07633912
2.503805784792885 -0.04181851
2.5050150401103006 -0.03272093
2.5062260921694723 -0.05682987
2.50743768703918 -0.02343123
2.5086510832606246 -0.003000291
2.5098650244787137 -0.01705549
2.5110807716752097 0.006174492
2.5122970660641175 0.004241688
2.5135151710748698 0.0202533
2.514733825483508 0.04222852
2.515954295174274 0.04062292
2.5171753164781596 0.03878048
2.51839815774138 0.02662273
2.519621552842763 0.00742035
2.52084677259769 0.0157725
2.5220725484256845 -0.03804167
2.5233001536185133 -0.06104096
2.524528317129228 -0.03076624
2.5257576767878827 -0.01893905
2.5269888729098957 -0.01764726
2.5282212699255435 -0.01660341
2.5294542297786577 0.002215223
2.530689033233768 0.01270885
2.531924401801211 0.02716787
2.53316161875107 -0.00990285
2.534399403098252 -0.03133415
2.5356383976793833 -0.01708422
2.5368792478457456 0.03193471
2.5381213130615277 0.05822557
2.539363950275191 0.04857348
2.540608450317767 0.008833
2.5418535246738987 0.02288859
2.5431004667097974 0.02868794
2.5443479853852646 -0.02124759
2.545596728602732 -0.02948612
2.5468473468090425 -0.04199095
2.54809919444392 -0.03900455
2.5493516234016207 0.003877819
2.5506059346988765 -0.005569567
2.551860829676304 -0.01146636
2.553116960075123 0.02437904
2.554374980203594 0.01660386
2.5556335875677627 0.01568009
2.556894089611467 0.005490309
2.558155835690674 -0.03122548
2.5594181725856626 -0.0269407
2.560682411619967 -0.01011135
2.5619472438699646 0.02019039
2.5632133262486114 0.02095795
2.5644813182664925 0.05698077
2.565750565427281 0.04359806
2.567020410635987 -0.008154699
2.568292173026871 -0.003749066
2.5695645358981016 -0.004032449
2.5708388210030337 0.01882331
2.572113709031694 0.05104259
2.573389862130638 0.03527027
2.5746679450751238 -0.002367551
2.575947298179037 1.042861e-05
2.5772272591265413 0.01213714
2.578509157575273 -0.0004490101
2.5797916663441924 0.0009301074
2.581075451546245 -0.001215133
2.582361181946713 0.01470667
2.5836475264029404 0.0003229245
2.584935821213431 0.003029381
2.5862254014403723 -0.004438568
2.58751559948467 -0.05833448
2.5888077556538267 -0.07730439
2.5901005321620554 -0.001293717
2.591394600466555 0.03792837
2.5926906347088163 0.009863135
2.5939872930938463 -0.01078176
2.5952859226500986 -0.04929566
2.5965858531251604 -0.042858
2.5978864115732723 -0.001018796
2.5991889490803293 0.01283031
2.600492117128246 0.02137594
2.601796592583111 0.01377449
2.603103055027776 -0.007089649
2.6044101518865954 -0.00454832
2.605719241047791 0.06219979
2.6070296468804415 0.04040645
2.608340691027699 -0.02734501
2.6096530544553693 -0.03967178
2.6109674208707156 0.0270151
2.6122824295271507 0.03994076
2.6135994465441814 0.003125519
2.614917108435121 -0.03394336
2.6162367840798852 0.004384737
2.617557792404109 0.05188324
2.6188794495743926 0.003760406
2.62020244208108 -0.00114872
2.621527459189371 0.03543842
2.622853129142469 0.05144268
2.6241808291519195 0.02387925
2.6255091846875054 -0.01401401
2.626839575754901 -0.02974344
2.6281713157703153 -0.003103736
2.629503715357275 0.02349588
2.63083746659823 -0.03639309
2.6321732643844324 -0.01374761
2.633509725814769 0.01846077
2.6348482393285355 0.0289703
2.636188114165926 0.006069902
2.637528656748856 0.004345865
2.638870563398865 0.0002854137
2.6402145332721156 0.01224307
2.641559175019937 0.02352
2.6429058855928327 0.03743977
2.6442532708090836 0.05256589
2.6456027304736662 0.01761485
2.646953568199288 -0.01182719
2.6483050847457625 0.01567636
2.6496579821476645 -0.001389313
2.6510129653091092 0.007553828
2.6523686314971426 0.04122525
2.6537263891328844 0.02299616
2.655084832615487 0.003175813
2.656445373255811 0.02366748
2.6578073089700998 0.0173501
2.6591699347865165 -0.0196337
2.6605339585233403 -0.01486341
2.6619000909038877 0.0237509
2.663266917670696 0.05803541
2.664635858857436 0.01990768
2.6660054973033356 -0.24004
2.6673772559676565 -0.1169707
2.6687497147773747 0.0471789
2.670124299626396 0.00366463
2.671499587520464 -0.06565448
2.672877007297222 -0.01393868
2.6742551330321587 -0.0488297
2.6756353965157875 -0.05893938
2.677016368884289 0.006528856
2.6783994848902113 -0.04248308
2.6797833127213337 -0.03042647
2.681169290101445 0.05504961
2.682555982260794 0.05484347
2.6839448299036546 0.007287775
2.6853343952935758 -0.02085175
2.686726122124598 -0.03437983
2.688118569684366 0.01843156
2.6895131846660094 0.01175815
2.6909085233720207 0.0326533
2.6923060355039783 0.05609704
2.693704274369942 0.1072828
2.69510469268934 0.1123075
2.6965058407664766 -0.01107941
2.6979091743480637 -0.01693569
2.6993132407252944 0.01731643
2.7007194986816434 0.02899005
2.7021264924857915 0.04049288
2.7035356839674924 -0.002271148
2.704945614363478 -0.01019095
2.7063577485593378 -0.01472409
2.7077706247503777 -0.005614923
2.7091857108876214 -0.02804579
2.7106015421154295 -0.05019929
2.7120195894598984 -0.04542311
2.7134383850048884 -0.01635374
2.714859402861245 0.00659643
2.7162811720427302 -0.004553826
2.7177051697546593 -0.005703205
2.7191299219310605 0.05785916
2.7205569088814756 0.02402267
2.721984653450524 0.01034227
2.7234146390617733 0.01994468
2.7248453854607155 0.01008904
2.726278379194788 0.01635768
2.7277121369005988 0.002012674
2.729148148259336 -0.01566063
2.7305849267889224 0.002202523
2.732023965314224 0.01715319
2.7334637742246395 -0.001068712
2.7349058494986784 -0.05794192
2.736348698387333 -0.05066216
2.737793820032766 -0.003002896
2.7392397185376405 0.02026648
2.7406878962178234 0.04052763
2.7421368540176827 0.1063043
2.7435880974368847 0.04971331
2.745040124251496 0.004892499
2.7464944431551177 0.009347361
2.747949548745465 0.02732895
2.749406952920255 0.005580062
2.7508651470887595 -0.01407758
2.752325646363036 -0.007876696
2.753786938953776 -0.01351572
2.7552505431976444 0.01219923
2.7567149440965775 -0.01620012
2.758181663222157 0.01017314
2.759649182357342 0.049637
2.761119026318987 0.0519953
2.7625896736608073 -0.04025519
2.764062652455331 -0.05143785
2.7655364380167233 -0.01043738
2.7670125616836274 -0.02343775
2.768489495520307 -0.01919828
2.769968774142009 -0.006152449
2.771448866352699 0.003533315
2.7729313100547603 0.01702143
2.7744145707814196 0.01216904
2.775900189732778 0.01009073
2.7773866291608376 0.01619643
2.778875433574039 0.005548428
2.7803650619326317 -0.006151765
2.781857062064066 0.01469721
2.78334988962626 0.01871517
2.784845095776393 0.01845424
2.786341132859432 0.02717797
2.787839555373045 -0.0261309
2.7893388123385843 -0.06015121
2.790840461605012 -0.003829951
2.7923429488593556 0.004201713
2.793847835312728 -0.02723379
2.795353563307071 0.0002954874
2.796861697426552 0.01811
2.7983706766572234 0.01645054
2.799882068967255 0.03906189
2.801394309975961 0.05024298
2.8029089710465107 0.06469148
2.8044244844205806 0.05703109
2.8059424248673843 0.03500197
2.807461221240016 0.00302729
2.8089824517248276 0.02592211
2.810504541775339 0.004925982
2.81202907300618 -0.01401904
2.813554467460258 0.02215998
2.8150823101916678 0.02065159
2.8166110198216185 0.0037335
2.8181421848549095 -0.008511675
2.8196742204799143 -0.01740086
2.8212087186634243 0.004996299
2.822744091149794 0.03668427
2.824281933379143 0.0351622
2.825820653640575 0.01230149
2.8273618508589244 0.01040793
2.8289039298567613 0.002073346
2.8304484930550697 -0.006025346
2.8319939417985593 0.01057276
2.8335418820158496 0.003087934
2.8350907115624073 -0.0180983
2.8366420398860237 -0.02871942
2.8381942613414948 0.01429991
2.839748988907372 -0.006636694
2.8413046134263005 -0.0230979
2.8428627514192284 0.008091243
2.84442179020512 0.01808427
2.84598334985901 0.004708765
2.847545814164604 -0.009850066
2.8491108067627633 -0.009014032
2.850676707890303 -0.0176188
2.8522451447657025 -0.0133693
2.853814494067205 0.005015539
2.8553863866027553 0.002366307
2.856959195480291 -0.001949459
2.858534555109116 0.006203292
2.8601108350150786 0.01018779
2.861689673220795 0.01216319
2.863269435658184 -0.005563129
2.8648517639751767 -0.02105661
2.8664350204978772 -0.01134773
2.8680208505115834 0.009125526
2.8696076127246433 0.02674942
2.8711969560718353 0.03406719
2.8727872356317543 0.03450114
2.8743801040008212 0.02798359
2.8759739126158337 0.01840892
2.87757031774707 0.04299042
2.879167667177431 0.04848432
2.8807676208633257 0.03605666
2.8823685229216034 -0.00464881
2.883972037007129 0.00118399
2.885576503558493 0.01981064
2.887183589941399 -0.0002252372
2.8887916329039145 -0.02792667
2.8904023035350197 -0.001022946
2.892013934879944 0.01718128
2.893628201763435 0.01020039
2.8952434335155117 0.008568316
2.8968613087092394 0.006519278
2.8984801529470006 -0.01520032
2.900101648562782 -0.001631977
2.901724117418847 0.003075181
2.9033492456227656 -0.02445989
2.9049753512841443 -0.00972474
2.906604124296856 0.01004365
2.908233879005256 -0.002701478
2.9098663091022945 -0.01517588
2.9114997251544263 -0.0209004
2.9131358246665116 -0.03396548
2.9147729144143972 -0.02530871
2.916412695727747 0.003487839
2.9180534715790345 -0.005256499
2.9196969471356753 0.00570333
2.921341421553949 0.0228374
2.9229886038520316 0.02153796
2.9246367893571295 -0.003384001
2.926287690951245 -0.009136198
2.927939600119577 -0.03265415
2.9295942336210783 -0.009356521
2.9312498790859425 0.001485931
2.9329082571632616 -0.02081173
2.9345676516151715 -0.004372188
2.9362297869941463 -0.002182445
2.9378929431811507 -0.01454228
2.939558848645348 0.001075029
2.94122577937336 0.02813356
2.942895467764406 0.02625081
2.9445661858975307 -0.01099324
2.9462396701154363 -0.02324645
2.947914188576302 -0.01358731
2.949591481579801 0.001711694
2.9512698133498922 0.02082834
2.9529509281567705 0.02530598
2.9546330862767634 0.005363442
2.9563180359642 0.002207859
2.9580040335343 0.02979013
2.959692831239203 0.02152701
2.9613826814194857 0.00454843
2.9630753403388335 0.01093582
2.9647690563495868 0.01209243
2.9664655897407757 0.001703637
2.9681631848628425 0.009778799
2.969863606044029 0.01693999
2.9715650936191587 0.001309987
2.9732685319367693 -0.02693518
2.9749748094008015 -0.0246483
2.9766830463612433 0.001503084
2.978392359113106 0.009211416
2.9801045241860815 0.00281976
2.981817769785181 0.008450041
2.983533876535401 0.01490013
2.98525106857062 -0.0005267822
2.9869711306253253 -0.01124094
2.9886922827482216 0.003634478
2.9904163137975415 -0.01282523
2.9921414397227117 -0.02566543
2.993869453520027 0.002527972
2.9955985670254694 -0.01071959
2.9973305773877783 -0.02633297
2.9990636923152594 0.00841802
3.0007997131235475 0.03674923
3.002536843378971 0.01484205
3.0042768885785804 -0.01629012
3.0060180481323613 -0.03117381
3.007762131733364 0.00193674
3.0095073346208006 0.01283177
3.011254563932699 0.01396961
3.013004731020029 0.004830778
3.0147569337148408 -0.001479079
3.016510265636911 -0.0009963959
3.018266549155489 -0.001109169
3.0200239669102014 -0.004832292
3.021784345525327 0.02098476
3.0235458634113157 0.02018042
3.0253094362124093 0.0138596
3.0270759838451005 0.005762294
3.028844595738597 0.0004998065
3.030614357050618 0.007999101
3.032387107260384 0.01348188
3.0341610120019276 -0.01121934
3.035937915069637 -0.02057703
3.037715977808877 -0.01617924
3.039496124490467 -0.0227507
3.0412792837179032 -0.04333264
3.0430645363997684 -0.04816321
3.0448509591128277 -0.02377711
3.0466404086885306 0.004396756
3.04843103351567 -0.008193971
3.0502237644153576 -0.04256116
3.052019536587458 -0.04891755
3.0538164918916593 -0.01213807
3.0556164981290466 -0.001144176
3.0574186275675816 0.007942692
3.0592219480819445 0.01725071
3.0610283341026716 0.006844023
3.0628359165291457 -0.01694766
3.0646456350252222 -0.001655884
3.0664584336959626 0.03249948
3.068273378248765 0.01663671
3.0700895299508724 0.01404923
3.0719087765969704 0.006367441
3.073729235806364 -0.01165819
3.075552799860247 -0.007729271
3.0773775819197913 -0.004860673
3.0792045306183784 -0.02296276
3.0810345990942376 -0.01762076
3.082866844198692 0.007171797
3.084700318279379 0.01918293
3.08653692717347 0.01546912
3.088374770572359 0.01764121
3.0902148039212354 -0.006444805
3.092057987218669 -0.01626026
3.0939024133676383 -0.01423974
3.095749999613031 -0.01774017
3.0975997938237576 -0.02199504
3.099450839300293 -0.02444779
3.1013050601823755 -0.03327137
3.1031605379763234 -0.02890253
3.105018237324617 -0.0278418
3.1068791274889205 -0.0107654
3.1087412830894423 0.002405851
3.1106066398387218 0.03254296
3.1124742364945073 0.03609503
3.1143431071801184 0.02435799
3.1162151946029644 0.02504081
3.1180885618221863 0.01602649
3.1199641828111813 -0.01253202
3.1218430362296132 -0.01804997
3.123723178150931 -0.01483168
3.1256065630236365 -0.01475554
3.127492220363102 -0.004970184
3.129379174982992 -0.001246273
3.131268407944153 -0.00404166
3.1331609050448592 0.01644191
3.135054708272187 0.02241201
3.136951786305825 0.01933307
3.13885017640338 -0.01725286
3.1407518520228486 -0.01707396
3.142655833303478 -0.001382451
3.1445611356142305 -0.01469273
3.146468749587026 -0.02977467
3.148379670660596 0.001414383
3.150291921800933 -0.01144716
3.152207490905881 -0.03691172
3.154124396142884 -0.02542899
3.156044630258325 -0.03098739
3.1579672038789943 -0.0257981
3.1598911227914726 0.00650262
3.161817387339704 0.01418525
3.163747002745183 -0.0003429454
3.165677972674501 0.02286807
3.1676123045266444 0.01755413
3.169549001702998 0.005672764
3.1714870627113996 0.0002763584
3.173427495273973 0.0008853081
3.175371312044374 0.007951418
3.1773165020287166 0.0254241
3.179265087440917 0.02202178
3.1812150523643905 -0.008864806
3.183168423987848 -0.01363725
3.1851241959552112 -0.001011564
3.187081356944507 0.007580843
3.189040924643282 0.02065932
3.19100392174382 0.004037043
3.192968317452573 -0.007441642
3.1949361539933663 -0.0109295
3.196905395577081 0.001576456
3.198878089476459 0.01631326
3.2008532194341726 0.03227929
3.2028297641532246 0.04275471
3.204808751435354 0.04140685
3.206791214161703 0.003495028
3.2087751014454247 0.002909967
3.210762475818945 0.02326945
3.2127512813255295 0.00373836
3.2147435856221236 -0.005568164
3.216737327663298 -0.005385949
3.2187345802496514 -0.008323488
3.22073327722816 -0.01229323
3.222735496562308 0.001272571
3.2247391669724794 0.004402161
3.226746371604374 -0.009566166
3.2287550340326923 -0.009463785
3.2307672426047738 -0.01113381
3.2327809157304537 0.01293374
3.2347981469782296 0.0240706
3.236816849573792 0.007667668
3.2388391223264192 0.01550032
3.240862873258279 0.01679124
3.2428902064391476 0.01678247
3.244919024668199 0.01551654
3.2469514372955235 0.01839813
3.2489853418777317 0.01139202
3.2510228530651455 0.00329347
3.2530618631521455 0.0009964127
3.255104492109301 0.002895113
3.257148626948996 0.00871279
3.259196392982168 0.02170125
3.2612456719193372 0.0266905
3.2632985944320296 0.01663556
3.265353036908938 0.01094149
3.2674111354024977 0.01753491
3.269470760959511 0.01412994
3.271534055033746 -0.007225171
3.2735988833099485 -0.02434218
3.2756673926637494 -0.01031176
3.2777374433975717 0.0008480866
3.2798111878295386 -0.01725489
3.281886480859382 -0.04420127
3.2839654802684577 -0.02159074
3.2860460355333303 -0.007303404
3.288130309919434 -0.01100316
3.2902161474595912 -0.003052869
3.292305716924262 0.006539993
3.2943968568818467 0.007124328
3.296491741628889 0.01032819
3.2985882042485817 -0.01301352
3.3006884245847155 -0.00635552
3.3027902302143874 0.01806159
3.3048958065499074 0.01719132
3.3070029756412778 -0.01732948
3.30911392849071 0.004827493
3.311226481600011 0.01527407
3.3133428315827844 -0.001542975
3.3154607893714285 -0.005924437
3.3175825572125404 0.008120635
3.319705940447795 -0.006634229
3.3218331469784936 -0.004736676
3.323961976534158 0.001995358
3.3260946426926203 0.006276338
3.3282289395497107 0.01491699
3.330367086381729 0.01520767
3.332506871629169 0.01235001
3.3346505202888475 0.01498695
3.3367958151241606 0.02227129
3.3389449868746075 0.009298865
3.3410958126046175 -0.0005254312
3.3432505288186523 0.01418902
3.345406906860192 0.01275953
3.3475671890210505 0.0001463679
3.3497291409016667 -0.01468092
3.3518950106037195 -0.006943822
3.354062557962394 -0.006088995
3.3562340369118617 0.003296326
3.3584072014997304 -0.01574861
3.360584311515412 -0.01400116
3.3627631151964947 0.02035563
3.364945878210495 0.02165617
3.367130342962428 0.003992324
3.3693187810208967 0.007805956
3.3715089289356723 0.01801806
3.3737030641995456 0.01947689
3.3758989174842533 0.01589104
3.3780987722300013 0.01757614
3.3803003532075837 0.03273454
3.382505949827966 0.04609955
3.3847132809379716 0.03066747
3.386924641942794 0.02630117
3.3891377457421417 0.02031944
3.3913548937590257 0.01672437
3.39357379292277 0.01047267
3.3957967506979214 0.002418309
3.3980214680200307 -0.00603948
3.4002502584190197 -0.01164529
3.402480816813154 -0.004190762
3.4047154628216987 0.01261314
3.4069518853219996 0.01665851
3.4091924100467534 0.009060949
3.411434719808632 0.003100136
3.4136811464779857 -0.001334945
3.4159293667789257 -0.01098443
3.418181718743804 0.008798647
3.4204358729841666 0.01602878
3.4226941737188428 -0.002427022
3.4249542854226753 -0.007978979
3.427218558525583 0.01543162
3.429484651341443 0.01030213
3.431754920535999 -0.003949973
3.434027018237774 0.002958224
3.4363033073732074 0.0187067
3.4385814338609495 0.004157558
3.440863766913136 -0.006713643
3.443147946213897 -0.002486918
3.4454363472862024 0.00948372
3.447726603554882 -0.00207944
3.4500210968790075 0.003106166
3.4523174543992017 0.01700818
3.454618064336043 0.008244069
3.456920547520904 -0.008819011
3.459227298561411 0.0001825136
3.4615359319545114 0.02482745
3.4638488487205583 0.01279204
3.466163656996763 -0.02332851
3.468482764242024 -0.0006337428
3.470803772208372 0.01428177
3.473129094819203 0.0146849
3.4754563274157895 -0.004805449
3.477787890412121 -0.01816832
3.4801213727129943 0.003346279
3.482459201249228 0.02827318
3.484798958463287 0.02832641
3.4871430778291974 0.006935838
3.489489135301103 -0.003187494
3.491839570922753 0.005778376
3.494191954133839 0.01985511
3.496548731574499 0.03313275
3.4989074661436965 0.0223291
3.50127061110477 0.0148994
3.503635722789539 0.001643242
3.506005261111495 0.007043101
3.50837677580876 0.00929173
3.5107527334720783 0.001013792
3.5131306772191744 -0.004052792
3.515513080345294 -0.002637651
3.5178974793209195 -0.003279767
3.520286354173194 0.003163547
3.522677234698371 0.004591358
3.525072607683037 0.02031595
3.5274699962220795 0.004474013
3.529871893889227 -0.02508906
3.5322758170507194 -0.01608049
3.5346842660952733 0.001891532
3.5370947506330515 0.01207808
3.5395097778957614 0.02958601
3.5419268507099084 0.03366924
3.5443484831783447 0.02086977
3.546772171316189 0.0004221913
3.5492004361257496 -0.01192314
3.5516307667828757 -0.01326423
3.5540656912177973 -0.01079297
3.556502691739062 -0.00898941
3.558944303233443 -0.04035895
3.561388001114002 -0.03303741
3.5638363272528344 -0.01119311
3.5662867501391746 0.009256499
3.5687418186593804 0.01068298
3.5711989943503637 0.002054099
3.5736608331418447 -0.004050389
3.5761247895897577 -0.0177237
3.5785934266964503 -0.003547807
3.5810641920080672 0.02608254
3.5835396556290062 0.0001298085
3.5860172580666565 -0.0210417
3.58849957655705 0.002741436
3.5909840445396934 0.01054495
3.5934732464120067 0.02155915
3.595964608516323 0.03028527
3.5984607224413687 0.01525236
3.6009590074028517 0.005537133
3.6034620622108897 -0.004689492
3.6059672989249525 -0.008887555
3.6084773236068033 -0.001712196
3.6109895411298933 0.000937538
3.6135065648380515 0.02034802
3.6160257923887715 0.004901378
3.6185498444385424 -0.01207231
3.6210761113987853 -0.01382093
3.6236072212694146 -0.00318437
3.6261405571855057 -0.009530247
3.6286787545213337 -0.02392106
3.6312191891051806 -0.00941474
3.6337645037167956 0.0005675005
3.6363120668470517 0.007588076
3.6388645287124604 0.01489963
3.6414192504356957 0.0191459
3.6439788897014957 0.0208709
3.646540800233379 0.004256588
3.6491076472159496 0.006015402
3.6516767769424368 0.004220181
3.6542508621291345 -0.01599863
3.6568272416076733 -0.0136297
3.659408595658039 0.008153836
3.6619922556187783 0.03093297
3.664580909365753 0.02191116
3.667171880712766 0.02218984
3.669766518444797 0.02180548
3.672366178976438 0.01234076
3.6749695253152113 -0.002000255
3.6775752128488595 -0.006250783
3.6801859524358047 -0.007460767
3.682799045123864 0.01330889
3.68541720949791 0.0118111
3.688037738952575 0.01702075
3.690663359832296 0.01154576
3.693291357845954 -0.009169353
3.69592446713085 -0.003227204
3.698559965677364 -0.005367609
3.7012005954491514 -0.033133
3.703843626685156 -0.02810862
3.706491809209075 -0.006717589
3.7091424054752875 -0.005832194
3.711798173201411 -0.01042955
3.714456367023948 -0.007148911
3.7171197525885096 -0.007438501
3.7197855766802177 -0.003764804
3.7224566129069476 0.0001301145
3.7251301001687485 -0.0002159204
3.7278074304148827 -0.009842255
3.730490003592462 0.0002011896
3.7331764403714653 0.01484861
3.735865353435278 0.01640544
3.7385595404861696 -4.747478e-05
3.741256216564861 0.01224881
3.7439581874749623 0.0170367
3.7466626602353954 0.01517764
3.7493710430075353 0.0002780801
3.75208475209038 0.003101783
3.7548023922597 0.022573
3.757522560165451 0.03143974
3.7602480861277305 0.03038342
3.7629761528912264 0.03557099
3.7657095990197105 0.03729989
3.7684455990961756 0.0263706
3.771185577779571 0.03143679
3.773930968009519 0.0602247
3.7766803583918596 0.072798
3.7794323292641443 0.0675875
3.7821897441386456 0.0749533
3.7849497528995553 0.08909454
3.787713792770391 0.07839809
3.7904833093648436 0.06213025
3.79325544009729 0.07353295
3.7960330695216884 0.1054718
3.798814769791825 0.1044608
3.8015991046473787 0.09569585
3.804388971380723 0.1030961
3.8071814864378677 0.1028242
3.809978104055836 0.1001906
3.8127802870108494 0.1066368
3.8155851390590003 0.1050339
3.818395578908863 0.09798449
3.821210161973456 0.08789856
3.8240274351024306 0.05221669
3.82685032997017 0.03480502
3.829675928993213 0.06755953
3.8325057037266133 0.06761017
3.835341134417201 0.05756922
3.838180763728885 0.03643288
3.841023125647933 0.05603677
3.843871178038888 0.05273292
3.846721977399739 0.05662282
3.8495770084783083 0.07594401
3.852437764831018 0.07425907
3.8553012898681525 0.07550648
3.8581705635475414 0.06658303
3.8610441112706577 0.06279523
3.8639204496057835 0.0778015
3.8668025718877264 0.08141407
3.869687499516289 0.05613419
3.8725767351080056 0.04147738
3.875471790247065 0.06207679
3.878369673010775 0.08119583
3.8812733992270054 0.0830155
3.8841814767269556 0.07850396
3.887092404349345 0.07931332
3.8900092115418126 0.07560292
3.8929288839751472 0.08221562
3.8958529424598107 0.07715242
3.8987829169368204 0.0540406
3.9017157795140416 0.05932016
3.904654582541665 0.06307615
3.907597815965428 0.08198313
3.91054396057546 0.0902618
3.9134960825904206 0.06642931
3.916451131306074 0.05694313
3.9194106460599736 0.06355458
3.9223761754871105 0.07693195
3.925344655074077 0.0715299
3.9283191743615897 0.06007455
3.9312982050871788 0.03678371
3.9342802096656606 0.02652514
3.9372667415534797 0.02385492
3.9402593636323515 0.02464927
3.9432549834856476 0.03978051
3.946256718995346 0.05078272
3.949261468359109 0.05146676
3.9522723589928033 0.03891962
3.9552878440952104 0.03436072
3.958306367371206 0.05438987
3.961329501407262 0.06868002
3.964358828389249 0.06504916
3.9673912181001914 0.04435096
3.970429826821762 0.04307894
3.9734730936269465 0.04118197
3.9765194479636636 0.04239922
3.979572060698025 0.06022356
3.9826277776339603 0.07989315
3.9856881908443165 0.07254901
3.988754902179775 0.05563188
3.9918247429264864 0.03756588
3.994900908480416 0.03028452
3.9979818187778804 0.03488841
4.001065883951485 0.0396298
4.004154710928059 0.04895224
4.0072499165490205 0.04823092
4.010348302760443 0.0350017
4.0134530947736815 0.05272655
4.016561084664287 0.04282475
4.019675507674967 0.03312586
4.022794764252159 0.06135068
4.025917244855481 0.06081175
4.029044576543385 0.05261372
4.032178396475231 0.06804524
4.035315466839593 0.06388187
4.038459053255967 0.07560611
4.041605907857852 0.05488249
4.044759306485569 0.02994532
4.047917629733736 0.04087016
4.051079248022465 0.04576186
4.054245808923395 0.03738751
4.057418970300099 0.04255351
4.060595453838541 0.05285916
4.063778566331432 0.0654363
4.066965019220477 0.07007231
4.070158129713497 0.05642938
4.07335459895991 0.0610891
4.076557754631988 0.07598219
4.079764287538524 0.0698495
4.082977535865895 0.0840015
4.08619418003363 0.06965034
4.089417568792182 0.05866513
4.092644372122871 0.06932355
4.0958779493905135 0.07938676
4.099114960088968 0.06365179
4.102358774248017 0.05102052
4.1056060408245045 0.06232927
4.108860140564105 0.05816114
4.112117711836772 0.04254334
4.115382146155328 0.0429263
4.118650071252646 0.05798275
4.12192488946028 0.06864357
4.125203217823517 0.07546915
4.128488469544553 0.0724928
4.131777250930269 0.07878148
4.135072986105741 0.09001894
4.138372270588298 0.09218196
4.14167853947848 0.07630006
4.144988377452589 0.04625386
4.148305230639548 0.04527961
4.151625672822836 0.05729692
4.1549531612130135 0.05629051
4.1582842586486075 0.03760818
4.161622433475425 0.05563273
4.164964237534574 0.0762653
4.168313150361059 0.07236435
4.171665712745774 0.04963297
4.175025415467216 0.03741907
4.178388788212932 0.02761854
4.181759333059567 0.02301502
4.18513356853784 0.02134642
4.188515008077551 0.02145233
4.191900158998774 0.03005325
4.195292546139828 0.03572837
4.198688665555974 0.05320361
4.202092053549781 0.05967794
4.205499194857179 0.06882459
4.208913637301077 0.08066916
4.212331854243208 0.06777001
4.215757405083276 0.0518828
4.2191867517535995 0.06556872
4.222623465287501 0.03905447
4.226063996132306 -0.06994534
4.229511927012158 -0.05341706
4.232963696833447 0.107001
4.236422900068715 0.1397171
4.239885964027112 0.022665
4.243356494987535 0.01591746
4.246830908605226 0.03002844
4.2503128230237746 0.01940523
4.253798642187474 -0.02258909
4.257291996163328 -0.03702751
4.260789277127273 -0.02525304
4.264294127128842 -0.05186154
4.267802926517822 -0.05925532
4.27131932938578 -0.02898424
4.274839704198192 -0.02518597
4.278367717148553 0.03203772
4.281899724759486 0.02839651
4.285439405386711 0.02426865
4.288983103551064 0.04673415
4.292534509831191 0.03089539
4.296089956686822 0.03050056
4.299653146980633 0.04392883
4.303220401051536 0.04343053
4.3067954341077535 0.03495329
4.310374554307272 -0.01225261
4.313961489265785 -0.02061859
4.317552534899857 -0.02074831
4.321151431294989 -0.02743976
4.324754462065417 -0.01811403
4.328365379829211 -0.005540355
4.331980455836976 -0.01605317
4.33560345530253 -0.007470494
4.339230637051128 -0.02301287
4.342865778955949 0.001031699
4.3465051273547735 0.025687
4.350152472844173 0.007241138
4.353804049211917 -0.01104383
4.357463659842443 0.006495388
4.361127525910549 0.02918847
4.364799463653442 0.01620194
4.368475681569575 0.007585759
4.372160008814275 0.004021869
4.375848641145842 -0.014196
4.379545420703512 -0.01259222
4.383246530441209 0.0008955747
4.3869558255483145 0.001651049
4.390669476109709 0.01675085
4.394391350431617 0.01151367
4.398117605664776 0.007574005
4.401852123299399 0.003502848
4.405591047486545 0.01958491
4.409338272968022 0.02587103
4.413089930829229 0.004642094
4.416849929131643 -0.0004483087
4.420614385828571 0.01804968
4.4243872223697025 0.02356245
4.428164543509373 0.03034595
4.431950284154492 0.01939144
4.4357405357931 0.01045693
4.439539246858804 -0.01097526
4.443342495505559 -0.01636633
4.447154243763644 -0.007741214
4.450970556384672 -0.01214903
4.454795409066043 -0.007563815
4.458624853088311 0.003024026
4.462462877886934 -0.004282862
4.466305521202222 0.008643716
4.470156786279122 0.01605747
4.4740126972480345 0.009441049
4.477877271235325 0.006239455
4.481746518691348 0.02105722
4.485624470696312 0.02411648
4.489507123949903 0.02668989
4.493398523559113 0.03680484
4.497294652401847 0.02833037
4.501199569685321 0.002019823
4.505109244394067 0.01025174
4.509027749909481 0.02490468
4.51295104125063 0.005296547
4.516883206047565 0.004291743
4.520820185281295 0.005338543
4.524766080905533 0.01911551
4.528716819790131 0.02209538
4.532676518287989 0.0125115
4.536641089084206 -0.005100841
4.540614663006932 -0.005659698
4.544593138482388 -0.0262537
4.548580660890576 -0.02298323
4.5525731143242165 -0.01003037
4.556574658792298 -0.01869759
4.560581163978888 -0.01796649
4.5645968045996534 -0.009494684
4.568617435854327 -0.01047356
4.572647247243494 0.01537042
4.576682079406349 0.02307918
4.580726136707191 0.02839452
4.584775245147933 0.02472255
4.588833624035943 0.01199977
4.592897084658575 0.007580129
4.596969861346195 0.02425279
4.601047750593765 0.001692236
4.605135001835146 -0.01800208
4.609227396694538 -0.005697729
4.61332919979037 -0.00142656
4.61743617779715 0.007660242
4.62155261059953 0.00452047
4.6256742498428425 -0.01344157
4.629805390760205 -0.02386461
4.63394176988772 0.006494393
4.638087697889809 0.02651883
4.642238896112729 0.009450284
4.646399690735636 0.005794915
4.650565787833749 -0.00554413
4.654741529184996 -0.02728038
4.658922605511785 -0.02130483
4.663113374275469 -0.0123239
4.667309510763283 -0.01681759
4.671515388205266 -0.01885595
4.6757266663705375 -0.002115923
4.6799477343437035 -0.02243874
4.6841742362922325 -0.03167543
4.6884105772417985 -0.01687929
4.692652385674083 0.002791093
4.696904082642967 -0.004502852
4.701161280859598 -0.009758472
4.705428417493842 -0.006460393
4.709701089400959 0.004388025
4.713983749955217 0.02282738
4.718271980070019 0.02101373
4.722570249413103 0.03118497
4.72687412286942 0.0366172
4.731188086489903 0.0182548
4.735507689043835 0.004141773
4.739837433055721 -0.01076879
4.744172851091325 -0.0009721337
4.7485184622397805 0.003134162
4.752869782774839 0.002507607
4.757231348441983 0.005569394
4.761598659133817 -0.009536246
4.765976267344579 -0.0227605
4.770359656495943 -0.008220992
4.774753395923984 0.001646631
4.7791529524890075 -0.01120943
4.7835629124627115 -0.03115047
4.787978726052925 -0.02526477
4.792404996561449 -0.00143233
4.796837157451863 0.004992452
4.801279829151259 -0.007846992
4.805728428286518 -0.003667654
4.810187592505921 0.01135457
4.8146527215065245 0.0207825
4.8191284702544115 0.01653043
4.823610221423004 0.00634644
4.828102647393525 -0.0001252462
4.832601113721253 -0.01365827
4.837110310300626 -0.007456727
4.841625585473574 0.02472184
4.84615164674656 0.01561574
4.850683825152251 -0.004044201
4.855226845908694 -0.005062644
4.859776022642668 0.002627304
4.864336098384117 -0.03077827
4.868902369256581 -0.03446209
4.873479596202975 -0.0174366
4.878063057745535 -0.009380004
4.882657532841975 -0.004815033
4.887258282314429 0.01496829
4.891870103238027 0.02700087
4.896488238635251 0.01007323
4.901117503802041 -0.01148127
4.905753123860945 -0.020191
4.910399932432897 -0.0150117
4.91505313663946 0.0001681301
4.919717588531548 0.0137959
4.924388477127939 0.01048382
4.9290706730153095 0.00507758
4.933759347007082 0.005395096
4.938459388332297 0.003055206
4.943165949495674 0.0008755283
4.947883938476032 0.01604483
4.952608489365264 0.01910921
4.957344529000218 0.03926376
4.962087172955037 0.04127727
4.966841367033683 0.01835658
4.971602208186837 -0.004019795
4.9763746612955 -0.01417524
4.981153804580369 -0.02192495
4.985944622110272 -0.01606274
4.990742173268586 -0.01703399
4.995551461423602 -0.02196114
5.000367527013235 -0.02293811
5.005195392817744 0.001848107
5.010030080220601 0.00937251
5.014874116629924 -0.01809371
5.0197300489574275 -0.02018017
5.024595394455861 0.003899412
5.029467650967016 0.007463051
5.034349365722323 -0.01374413
5.039243105685526 -0.01917358
5.044146369021678 -0.01923347
5.049056634258456 -0.02511439
5.0539790229546675 -0.03681784
5.0589084595573155 -0.03025124
5.063850085730982 -0.03078375
5.068798806196504 0.001300773
5.073759782843082 0.0138966
5.078727900550382 0.009958105
5.083708341551995 0.003733614
5.088695970770529 0.001896267
5.093695990904697 0.004170609
5.098703246803241 0.03159088
5.1037229617516795 0.03003315
5.108749960407188 0.004275572
5.1137894867647455 -0.02045161
5.118836345171325 -0.01172242
5.123893175025529 0.01475431
5.128962636532985 0.02134844
5.13404213919107 0.007929262
5.139129071796203 0.002785693
5.144226094909943 0.003127677
5.1493358901502475 0.01913342
5.154455846673494 0.007179779
5.159583332688385 -0.002504359
5.164721030175915 0.02180287
5.169871642426862 0.02403612
5.175032538017082 0.0008530567
5.180201064324111 -0.01911008
5.185379925009035 0.002445547
5.190571845300197 0.02093542
5.1957741729496565 0.0173251
5.200984234256492 0.01001065
5.2062047548268024 -0.002375267
5.211438482095582 0.01345436
5.216682742743985 0.008585325
5.221934841741431 0.001120231
5.227197526908306 -0.008632417
5.2324735681597705 -0.02861005
5.2377575274432315 -0.03781341
5.243054918378742 -0.02834164
5.248360281039197 -0.02748886
5.253679151509802 -0.02614475
5.259006047856955 0.009423894
5.264346528768865 0.001463846
5.269695090172387 0.01314703
5.275057313497712 0.015183
5.280427672398043 0.003181709
5.285811771185665 -0.001235396
5.291204061104941 0.005633827
5.296610169491525 -0.00812934
5.302024525044644 0.002984877
5.307452778265769 -0.0007559201
5.312889335171593 -0.01833464
5.318339869573033 -0.01370688
5.323798764665735 3.062335e-05
5.329271717714872 0.0123522
5.334755934915977 0.0116767
5.340248599252792 -0.01159251
5.345752585740526 -0.01499028
5.351270793031575 -0.01460822
5.356800404545567 0.02418873
5.36233858020289 0.03736825
5.367888219095726 0.03127907
5.373452244249196 0.01222194
5.379024922636174 0.008228449
5.384612071007957 -0.004523676
5.390207932661211 -0.0345139
5.395818348696127 -0.0351073
5.401437538586519 -0.03173514
5.407071367934985 -0.006084261
5.4127140322446206 0.03892054
5.418371421775243 0.03686334
5.424037707910146 0.04787372
5.42971880572249 0.04225497
5.435408862325442 0.02787654
5.441113817762951 0.02092212
5.44682779472649 0.009727616
5.452556758389576 0.006744583
5.458294806869155 -0.007420577
5.464047930628448 -0.01325765
5.469810203055764 0.009774618
5.475587640065532 0.0218533
5.481374290162029 0.002516612
5.487176194873769 0.007693626
5.4929873776643054 0.005750602
5.49881390584051 0.002212933
5.504649777667195 0.02663056
5.510501086395289 0.03310072
5.516361804931517 0.03755013
5.522238052637974 0.004400501
5.528123776902614 -0.02445379
5.534025123367255 -0.03633475
5.539936013739042 -0.03201993
5.545862620109521 -0.02289332
5.551798838341611 -0.002611043
5.557750867148078 -0.009212819
5.563712576382819 -0.01700771
5.569690191552786 -0.0001542719
5.575677556336646 0.0169725
5.581680923210024 0.01963167
5.587694109508747 0.01822606
5.593723394853104 0.007354778
5.599762570067029 -0.002912431
5.605817942093021 0.01408541
5.611883275072632 0.000527635
5.617964903449655 -0.0421834
5.624056564511303 -0.02898275
5.6301646203833355 -0.008310508
5.636282781325192 -0.01034255
5.6424174373268485 0.02271089
5.648562271445049 -0.001072771
5.654723701717849 -0.02092541
5.660895383822859 -0.00754637
5.667083764031699 0.001086591
5.673282470464891 -0.01195738
5.679497977814744 -0.00172084
5.685723886465191 -0.01416314
5.69196669971802 -0.04997768
5.698219990039512 -0.004664962
5.704490289531405 0.02585167
5.710771142559693 0.03455355
5.717069110218232 -0.005820311
5.723377708588501 0.0158907
5.729703527950353 0.01984748
5.736040055914918 0.003570602
5.742393912143671 -0.04307204
5.74875855558992 -0.03486819
5.75514063549414 0.02145743
5.761533581962713 0.06961951
5.767944074014258 0.06153926
5.774365512717464 0.06305606
5.780804607070039 0.04294747
5.78725472891052 0.03541783
5.793722617418479 0.02708576
5.800201615008138 0.007270668
5.806698491245531 -0.02692926
5.813206558924697 -0.0371107
5.819732618204589 -0.04639782
5.826269952061451 -0.01544053
5.832825391455494 0.01016219
5.839392189345796 -0.004860835
5.845977207704063 -0.013762
5.852573669271061 -0.01420374
5.859188467242157 0.02970874
5.86581479393686 0.01944023
5.8724595739882925 -0.06237623
5.87911596908996 -0.09554815
5.885790935528812 -0.05433015
5.892477604165746 0.005238734
5.899182963159602 0.07174032
5.90590011233022 0.0602568
5.9126360719284 0.02104153
5.919383910522592 -0.005606409
5.926150680677667 -0.03040788
5.932929419498454 0.006977761
5.939727212088058 0.03663399
5.946537063873539 0.00837368
5.9533660927224865 0.009783145
5.9602072721680965 0.02855858
5.967067753070802 0.04416778
5.973940476851877 0.04795681
5.980832627595083 0.04667757
5.98773711438973 0.02117249
5.994661154775557 -0.01023212
6.001597625287852 -0.006422707
6.008553777157161 -0.007514141
6.015522454140664 0.00323904
6.022510941396753 -0.0101912
6.029512049678356 -0.01969111
6.036533098310978 0.03510438
6.043566864815078 0.01206181
6.05062070292481 -0.07093766
6.0576873566978335 0.0005651232
6.064774214520768 -0.02317965
6.071873986756027 -0.1055091
6.078994096688833 -0.0551034
6.086127220751746 -0.02179288
6.093280817377061 -0.00667632
6.100447528830715 -0.01740163
6.107634848942921 0.004500464
6.114835385574003 -0.0007827218
6.122056668205343 -0.01912978
6.1292912700504445 0.01328723
6.13654675649753 0.03312891
6.1438156658698135 0.006531823
6.151105599720494 0.005824261
6.158409061236757 0.01355864
6.165733688397384 -0.01156046
6.173071949005487 -0.02897397
6.180431517728567 -0.01468893
6.1878048267352765 0.01462488
6.195199587647515 -0.01707194
6.202608196746732 0.01399285
6.210038402877483 0.01619303
6.217482566178885 -0.01547769
6.2249484729890145 -0.03610931
6.2324284470471065 -0.0581423
6.23993031245827 -0.04645822
6.247446356301862 -0.02653367
6.254984440726204 -0.0179984
6.262536815888306 0.003551899
6.2701113822585945 0.02586038
6.27770035280676 -0.01742987
6.285311666606956 -0.02239102
6.292937499174052 -0.01001613
6.30058582847033 -0.01208209
6.308248792285768 0.00403136
6.315934407757989 -0.007741345
6.323634774679408 -0.01289267
6.331357949653041 -0.004080074
6.33909599419846 0.01871989
6.346857004676998 0.01658424
6.354633004057433 -0.01506999
6.362432128755267 0.007370013
6.370246362907839 0.01091751
6.378083883283617 0.007599232
6.385936634905146 0.007068962
6.393812835195638 0.01733493
6.401704389776733 0.02297844
6.409619557031193 0.06750363
6.417550202890849 0.06781444
6.425504627005882 0.0307147
6.433474655326596 0.01661534
6.441468629081556 -0.02370641
6.449478333944959 -0.02277723
6.457512153037872 0.00970349
6.465561831460907 0.01899065
6.473635794544926 0.02080379
6.481725746516558 0.01146033
6.489840155236977 -0.06273706
6.497970683755463 -0.0124006
6.506125842787276 -0.006474785
6.514297253897992 -0.04483969
6.522493470984036 -0.0460123
6.530706073817876 -0.01425749
6.538943659807534 -0.01971927
6.547197766619897 -0.009820705
6.555477035508397 -0.008020536
6.563772961718764 0.01584199
6.57209423068708 0.1517459
6.5804322949191825 0.1158742
6.588795884374538 0.01139583
6.597176408497163 -0.07962476
6.605582642114156 -0.08756645
6.6140059512825555 -0.04577779
6.622455156044912 0.0009335895
6.630921578742857 0.003148471
6.6394140849858285 -0.05112654
6.647923953068316 0.01333473
6.6564600945217345 -0.007434304
6.665013743258338 -0.01690464
6.673593857090326 -0.02186187
6.682191625209235 0.003418759
6.690816052070606 0.01382093
6.6994582818033335 0.008940644
6.70812736587267 -0.0008486649
6.716814402999461 -0.04760398
6.725528492028903 -0.02941199
6.734260685924856 0.0006271909
6.743020131286602 -0.02801787
6.751797834968507 -0.03969374
6.7606029917020365 -0.006704106
6.769426561875943 0.009375839
6.778277788735994 0.004149285
6.78714758584554 -0.02797997
6.796045245350825 -3.596674e-05
6.804961633626308 0.004825683
6.81390609210902 0.01698926
6.822869439617264 0.03170707
6.831861067273336 0.02965041
6.840871745968333 -0.01320243
6.8499109169085255 -0.03122435
6.858969302682886 -0.0114229
6.868056394984671 0.04527862
6.877162867721899 0.03964077
6.886298263482166 0.0253759
6.895453207109764 0.01352986
6.904637292498387 0.03802076
6.913841095041808 0.02279652
6.923074260356054 0.03590065
6.932327313993526 0.02912992
6.941609953713345 0.02160846
6.950912654831579 0.009627535
6.960245167675787 -0.01267003
6.969597916926574 0.01299234
6.97898070590994 0.03363082
6.988383908267678 0.009903186
6.997817380758941 -0.01088674
7.007271445579078 -0.002137659
7.016756013359903 -0.02523795
7.026261354438349 -0.05215976
7.035797433763244 -0.02854165
7.045354469396742 0.04707658
7.054942481053953 0.06271683
7.064551634101439 0.06120594
7.074192003474843 0.04748513
7.083853701419817 0.0123984
7.093546858551838 -0.009080434
7.103261533565751 -0.002016076
7.1130079132213035 0.03080993
7.122776002228004 0.02362978
7.132576043959492 -0.02310084
7.142397988700727 -0.008587993
7.152252136914132 0.05378964
7.1621283840161345 0.09760411
7.17203708803819 0.04520251
7.181968089079387 0.02478193
7.191931803225869 0.0105599
7.201918014805703 -0.002290741
7.211937198450876 0.03382471
7.221979082259787 0.04124155
7.2320541999069965 0.04344458
7.2421522227975705 0.03059389
7.2522837441510335 0.02881296
7.262438378210361 0.03437294
7.272626778248155 0.03023791
7.282838500871391 0.05296252
7.293084259919688 0.04373799
7.3033535538848735 0.07774743
7.313657157693419 0.1301282
7.323984511237557 0.1242259
7.3343464510564385 0.1531466
7.344732357952876 0.1887527
7.355153130610603 0.2282109
7.365598090247728 0.2567494
7.376078198230626 0.3143452
7.386582715691908 0.4022266
7.397122667224903 0.4743465
7.407687253370312 0.5503418
7.4182820594041186 0.6370667
7.428912734047896 0.7788332
7.439573920722412 0.9664141
7.450260200337497 1.1621
7.460977223874829 1.399288
7.471730706870556 1.807608
7.4825152325303845 2.234816
7.493325320470791 2.751557
7.504172319809814 3.485015
7.515045120330902 4.453864
7.525955137781424 5.676359
7.536891198192351 7.356147
7.547864784531105 9.607882
7.558864658528289 12.53238
7.569902370969122 16.05468
7.580966618729687 20.63584
7.592069021017884 26.0715
7.603198209294757 31.48233
7.614365871803013 36.73244
7.625560574021699 41.37105
7.636794073847798 44.64444
7.648054870204861 46.82693
7.6593489247040045 48.09472
7.670682268834402 48.67442
7.682049201988728 48.80989
7.693443954799478 48.74677
7.704872561407833 48.63349
7.716341127095083 48.48965
7.727843885188969 48.40658
7.739374999032578 48.38132
7.750940576638976 48.44545
7.762546798454011 48.47756
7.774187830597338 48.63868
7.7858577679502945 48.87084
7.797562793773179 49.13479
7.80930916508333 49.38517
7.821090979622929 49.69303
7.832902262612148 49.97728
7.844749273968454 50.28831
7.8566383487231795 50.56928
7.868563515044692 50.82966
7.880518727264703 50.97231
7.892510323403504 51.10288
7.9045447179856065 51.15971
7.916609601105793 51.28482
7.928717656778498 51.2798
7.940856500782174 51.25462
7.953038895927327 51.20782
7.9652523830043815 51.11853
7.97750980435955 50.95177
7.989798625115452 50.89669
8.00213176790297 50.74961
8.014496621488949 50.57859
8.026906189547363 50.40825
8.039347783792996 50.26096
8.051834489710963 49.95666
8.064353541259248 49.63329
8.076918106511934 49.35862
8.089521884988033 49.12547
8.10215849604493 48.77989
8.114834648071794 48.48909
8.127557132662863 48.18664
8.140319572665783 47.93835
8.153115509263976 47.65724
8.16595173759204 47.32738
8.178835137584365 46.8364
8.191752543539165 46.26099
8.204717548496035 45.4338
8.217716904583266 44.26722
8.230764292310656 42.65704
8.243846380869 40.53321
8.256976939089107 37.7438
8.270142552447176 34.43896
8.28335707895696 30.64932
8.296607019593267 26.55331
8.309906322426027 22.39226
8.323241403132036 18.43396
8.336626300722118 14.86724
8.350047344768445 11.78605
8.363518666119134 9.234008
8.377026507424977 7.154528
8.390585092279656 5.499862
8.404180575585519 4.266115
8.417827274602153 3.367078
8.431511255645951 2.656958
8.445246930575003 2.072991
8.459020276271602 1.631579
8.47284580013743 1.356414
8.48670938876173 1.119777
8.500625646047549 0.8746617
8.514580367421173 0.7164493
8.528588254257684 0.6228534
8.542635009939357 0.5368187
8.556735434297106 0.4634843
8.570875137776818 0.3735236
8.585069019662383 0.3081623
8.599302596559419 0.2582452
8.613590868215507 0.2519515
8.62791925648043 0.2782716
8.642302862589977 0.2592199
8.656727012710672 0.1806496
8.67120691060506 0.1965628
8.685727785816901 0.2242932
8.700304945688346 0.2236663
8.714923522188629 0.1816511
8.729598927306885 0.07696821
8.744316194473592 0.06781384
8.759090841407025 0.1143588
8.773907802022036 0.1735358
8.788782700863234 0.1371866
8.803700371340081 0.137293
8.818676545936045 0.09142098
8.833695956552349 0.05397407
8.848774444739405 0.0327091
8.863896639874062 0.01340774
8.879078493717609 0.01804572
8.894304532092873 0.04755005
8.909590818132086 0.09806322
8.924921773060658 0.09567031
8.940313572558244 0.1097106
8.955750532195475 0.05300384
8.971248941392624 0.03096336
8.986793008993983 0.04106278
9.002399139370642 -0.04225488
9.018051433554547 -0.07992394
9.03376641209513 -0.06077616
9.0495280671113 -0.04515633
9.065353036575978 -0.05255133
9.08122520257943 -0.01397164
9.097161321781153 0.03546964
9.113145165111964 0.002113165
9.129193609199307 0.01468975
9.14529031266833 0.0484952
9.161452273414382 0.06192357
9.177663036595012 0.02944171
9.19393972269239 -0.04274246
9.210265762218569 -0.05695305
9.22665839958074 -0.09216531
9.24310094945133 -0.03963532
9.25961078152041 0.01707863
9.276171093410115 -0.01971153
9.292799381471273 -0.06841215
9.309478725048269 -0.02277358
9.326226748550939 0.05042501
9.343026411801363 0.05477754
9.359895468687407 -0.01548076
9.37681675824691 -0.06645695
9.393808165285934 -0.06132495
9.410852406778448 0.001143525
9.427967499910434 -0.007726479
9.44513603829436 0.02342287
9.462376172979805 0.06191964
9.479670372901795 0.01125549
9.497036924479561 -0.04801337
9.514458170636098 0.00055541
9.531952534689157 0.0666002
9.549502232196147 -0.05211435
9.567125824925423 -0.003342783
9.58480539969597 0.1009291
9.602559658302518 0.06823486
9.62037055743313 -0.05907449
9.638256940508823 -0.06374136
9.656200632674265 0.003709893
9.674220620601252 0.08072228
9.69229859645824 0.0840946
9.710453691817388 0.05095952
9.728667464417398 0.06305426
9.74695919240595 0.02887286
9.765310297617363 -0.03181487
9.783740206476054 0.01104867
9.802230203415881 0.09276669
9.820799864865794 0.04581666
9.839430336341247 -0.05648379
9.858141346030619 -0.07266437
9.876913898990777 -0.01197528
9.895767876952064 0.002419357
9.914684142949916 -0.05012854
9.933682734067366 -0.05275596
9.95274436973251 -0.05672223
9.971889244220543 -0.01473859
9.991097931742816 0.01183157
10.010388781477417 -0.0246091
10.029750245177244 -0.01889999
10.049188769187419 -0.004056619
10.06870075901894 0.01546088
10.08829070257076 0.005870134
10.10795600249343 0.01602937
10.127698120056163 0.03288445
10.147517506243512 -0.03972878
10.16741461557717 -0.004922019
10.187389906150708 0.03051668
10.20744383966474 -0.01899364
10.227576881462486 -0.01391255
10.247788450393992 -0.01256608
10.268082169711478 -0.03350766
10.28845430686529 -0.01169813
10.30890956787422 -0.02165829
10.329444194299736 0.0268296
10.350062933557668 -0.02264556
10.370762001071716 -0.09479378
10.39154618621422 -0.138235
10.412411678019492 -0.05619722
10.433363308386118 0.0551151
10.454397239704589 0.0564408
10.475517249615233 -0.02055334
10.496722765701707 -0.04947409
10.518014308285943 -0.02402078
10.539392401920152 0.01183497
10.56085757542987 0.02358473
10.58241036195759 0.05886623
10.604051299006889 0.02603756
10.625782057559436 -0.0251896
10.647599796758614 0.02416321
10.66950959306277 0.06519984
10.691507457647196 0.01735861
10.713598513466778 -0.01884697
10.73577874332986 -0.000561143
10.758052159985576 -0.03353116
10.780418189670247 0.01500967
10.802877411215741 0.03682969
10.825430408287604 -0.008578108
10.848077769435607 0.03202021
10.870820088144956 0.1033439
10.89365796288814 0.07874769
10.916591997177406 -0.009957829
10.939622799617943 -0.005145316
10.962750983961715 0.01707664
10.985977169161968 -0.0308374
11.009301979428459 -0.07071078
11.032726044283377 -0.09848809
11.05624999861797 -0.01051334
11.079874482749911 0.03071219
11.103600142481397 -0.006903538
11.127427629158001 -0.01186502
11.151357599728264 0.09124031
11.175390716804088 0.1175248
11.199527648721887 0.01125344
11.22376906960454 -0.08670939
11.248115659424156 0.003947018
11.272568104065645 -0.03649551
11.297127095391135 -0.1555032
11.321793331305225 -0.1295987
11.346567515821086 0.002014937
11.371450359127458 0.0819735
11.396442577656499 0.04333808
11.421544894152545 0.0001488187
11.446758037741793 0.006218317
11.472082744002883 -0.05051203
11.497519755038445 -0.05045971
11.523069819547574 0.04721036
11.548733692899308 0.1304982
11.574512137207044 0.1914252
11.600405921404 0.1382757
11.626414469584368 -0.003551855
11.65254261975726 -0.03463595
11.678785742631796 0.02211804
11.70515007875225 0.07164317
11.731630964185207 0.07462637
11.758234703300936 -0.03454291
11.784956597183347 -0.01095171
11.81180301503359 0.06598737
11.838769222609587 0.1069494
11.865861654969695 0.04383334
11.893076956651994 -0.01915049
11.920415965299192 0.04654951
11.94788380874162 0.01647938
11.975475662899461 -0.1212521
12.00319813211032 -0.01745547
12.031046355741918 0.04384052
12.059027007758658 -0.08361404
12.087135190618351 -0.09574319
12.115377649042467 -0.0218688
12.143749448218385 -0.03125703
12.172257404779778 0.08284003
12.200896546280015 0.1401027
12.22967376244568 0.2657027
12.258584042829531 0.2679304
12.28763284159865 0.01204829
12.316819639513785 -0.1215291
12.346145422283854 -0.07684367
12.375611185027886 -0.1355685
12.405217932387593 -0.08158463
12.434966678641539 0.04125643
12.464858447820982 -0.001256877
12.494894273827356 0.02199943
12.525075200551504 -0.09378613
12.555402281994585 -0.1239568
12.585876582390798 -0.08739636
12.616499176331853 0.08759106
12.647271148893287 0.1072013
12.678193595762643 0.06092453
12.709267623369495 0.05689112
12.740494349017434 0.04225856
12.77187490101797 -0.03055235
12.80341041882644 -0.0180614
12.835102053179936 -0.02690166
12.86695096623725 -0.05417187
12.898958331720962 -0.03429677
12.93112533506162 0.02520652
12.963453173544082 -0.01355954
12.995943056456065 -0.01278975
13.028596205238955 0.008291218
13.06141385364085 -0.1099817
13.094397247871965 -0.1727235
13.127547646762372 -0.05630841
13.16086632192216 -0.04721244
13.194354557904019 0.04409474
13.228013652368329 0.03585183
13.261844916250785 0.02369527
13.295849673932581 0.09436945
13.330029263413241 0.1255111
13.364385036486107 0.002181415
13.398918358916557 -0.05611679
13.433630610622993 -0.135735
13.468523185860636 -0.1055358
13.503597493408218 0.004771381
13.538854956757573 0.09760325
13.574297014306222 0.03423423
13.609925119552985 -0.1904525
13.645740741296677 -0.147866
13.681745363837972 0.01746376
13.717940487184427 0.04155641
13.754327627258823 0.0239199
13.790908316110787 -0.09052608
13.827682190083616 -0.1711344
13.8646565502738 -0.1763968
13.901825309663158 -0.04457422
13.939197776865226 0.1607583
13.976767816535355 0.234468
14.014544855232554 0.1496698
14.052522708876698 -0.03998279
14.090710924274546 -0.08886417
14.129103268202877 0.03227895
14.167709410079247 -0.003137708
14.206523067131503 -0.06721152
14.245554033813818 -0.04328428
14.284795977401455 0.0323339
14.324256768032269 -0.02923406
14.363936178158774 -0.1579276
14.403836029611407 -0.1115562
14.443960250799146 -0.02470101
14.484304445595141 -0.09181163
14.524878866141476 -0.1010649
14.565677001742783 -0.1299631
14.606709241328984 -0.07947451
14.647969022475113 0.09573792
14.689466873709804 0.1962188
14.731196180495456 0.2034446
14.773165431383816 0.2504858
14.815374506740625 0.196649
14.857825468095792 0.2925121
14.900520400674994 0.3791021
14.943461413741112 0.4880121
14.986650640941582 0.3191212
15.030090240661805 -0.00995503
15.073782396384702 -0.2460129
15.117729317056577 -0.3642071
15.161933237459374 -0.1364286
15.206396418589515 0.08834032
15.251121148043397 0.08883371
15.296109740409722 0.05875847
15.341364537668804 -0.06004252
15.386887909598956 -0.04086049
15.432682254190166 0.02628909
15.478749998065156 0.09307609
15.525093596908022 0.1183441
15.571715535900589 0.1897049
15.61861833016666 0.4214749
15.665804525224296 0.5871781
15.713276697446359 0.437283
15.761037454529406 0.4192057
15.809089435971213 0.5452868
15.857435313556996 0.80361
15.906077791854655 1.090772
15.9550196087191 1.268933
16.00426353580594 1.685615
16.053812379094726 2.471228
16.103668979421926 3.251346
16.15383621302387 4.190696
16.20431699208986 5.592153
16.255114265325727 7.727674
16.306231018527953 10.69742
16.35767027516873 13.9548
16.40943509699207 16.07869
16.461525874802525 16.58903
16.513953878178214 15.73847
16.566711413354195 14.26491
16.619812644852054 12.87644
16.673249821471178 11.71082
16.727037332238268 11.2356
16.78117018455931 11.02724
16.835654549204307 10.2978
16.890493861150006 9.728663
16.94569160027486 9.199718
17.001251292095098 8.605512
17.05717650851537 7.919315
17.113470868594213 7.208423
17.170135091188868 6.493229
17.227181736431014 5.903942
17.28460273760452 5.774648
17.34241382121012 5.755198
17.400606863564974 5.838186
17.45919785461377 6.242123
17.518178613947693 6.634539
17.577565401726467 7.040996
17.637349981110397 7.958467
17.69754888947881 9.346107
17.75815383391438 11.38747
17.819178461032397 14.44656
17.880623947948788 18.12176
17.942494663453523 22.01726
18.004795037014258 25.484
18.067529559833424 27.50856
18.13070278592753 27.44875
18.19431933322914 25.58855
18.25838388471218 22.49818
18.322901189541067 19.11612
18.38787944538478 16.68567
18.453313393913103 15.13738
18.51921813342578 14.01167
18.585595308698373 13.15215
18.65245001796231 12.87831
18.719787433069737 13.24432
18.787612800827258 14.00784
18.855931444358692 15.17462
18.924748764497778 16.67942
18.994070241211396 17.5838
19.063901435054245 17.67678
19.134247988655687 16.40611
19.20511562823966 14.55832
19.276510165178486 12.23802
19.348437497581447 9.896555
19.420903611919076 8.189366
19.4939145846841 6.820866
19.567476584089956 5.816879
19.641595871807944 5.129571
19.716278804743972 4.374669
19.791531836856027 4.308486
19.867361521013407 4.609361
19.943774510898876 4.653768
20.020777562954834 4.787259
20.098377538374837 5.088006
20.17658140514152 5.438403
20.255396240112326 5.753223
20.33482923115434 6.939807
20.41488767932948 8.356472
20.49557900113156 10.483
20.576910730776635 13.08133
20.65889052254804 16.14025
20.741526153197743 20.22772
20.82482552440555 23.44431
20.908796665297835 24.81393
20.993447735027424 24.63789
21.078787025416382 23.55739
21.164822963663596 21.03858
21.25156411511887 18.17309
21.33901918612554 16.70924
21.427197026933555 15.65099
21.516106634685126 14.03547
21.60575715647494 12.24063
21.696157892487296 11.86784
21.787318299212213 12.00557
21.87924799274309 12.07932
21.971956752158086 11.31478
22.065454522987903 10.1967
22.159751420772466 9.058517
22.25485773470919 8.850026
22.350778935821303 9.052608
22.447535619749523 8.308375
22.54513366671574 6.768347
22.64358409895065 5.514923
22.74289813205755 4.865723
22.843087179271635 4.012149
22.944162855832417 4.021573
23.046136983472692 3.696532
23.149021595027776 3.063407
23.252828939168737 2.577086
23.35757148526359 1.931715
23.463261928370414 2.329314
23.569913194366695 2.578784
23.677538445219174 3.553536
23.786151084398735 5.851297
23.895764762445037 7.195966
24.006393382685676 5.410124
24.118051107115015 5.358572
24.230752362437777 6.251342
24.344511846282913 6.67623
24.45934453359332 8.460588
24.5752656831973 10.92646
24.692290844567708 11.01277
24.810435864775187 11.07498
24.929716895641963 10.6123
25.050150401103007 5.030245
