wavelength transmission
2.5001837635066173 0.1977913
2.5013901475745146 0.2343246
2.502597070109506 0.243441
2.503805784792885 0.2038101
2.5050150401103006 0.1918969
2.5062260921694723 0.2428095
2.50743768703918 0.2726822
2.5086510832606246 0.2183767
2.5098650244787137 0.1738814
2.5110807716752097 0.1902922
2.5122970660641175 0.2151943
2.5135151710748698 0.2000468
2.514733825483508 0.1625484
2.515954295174274 0.1687243
2.5171753164781596 0.1862977
2.51839815774138 0.1782518
2.519621552842763 0.1932828
2.52084677259769 0.1816697
2.5220725484256845 0.1712361
2.5233001536185133 0.1761191
2.524528317129228 0.1891516
2.5257576767878827 0.1769762
2.5269888729098957 0.183356
2.5282212699255435 0.2046516
2.5294542297786577 0.2194629
2.530689033233768 0.2104246
2.531924401801211 0.1873195
2.53316161875107 0.2291734
2.534399403098252 0.2332601
2.5356383976793833 0.2198941
2.5368792478457456 0.2245205
2.5381213130615277 0.1910444
2.539363950275191 0.1979734
2.540608450317767 0.221372
2.5418535246738987 0.1799525
2.5431004667097974 0.1887471
2.5443479853852646 0.2164879
2.545596728602732 0.1882158
2.5468473468090425 0.1626792
2.54809919444392 0.1802604
2.5493516234016207 0.1668891
2.5506059346988765 0.1857614
2.551860829676304 0.2476645
2.553116960075123 0.2798586
2.554374980203594 0.2363241
2.5556335875677627 0.1791788
2.556894089611467 0.164863
2.558155835690674 0.1780052
2.5594181725856626 0.2088587
2.560682411619967 0.2862837
2.5619472438699646 0.3491778
2.5632133262486114 0.2952371
2.5644813182664925 0.3511662
2.565750565427281 0.3168451
2.567020410635987 0.1953365
2.568292173026871 0.1860979
2.5695645358981016 0.2492881
2.5708388210030337 0.23799
2.572113709031694 0.2025039
2.573389862130638 0.196256
2.5746679450751238 0.1368591
2.575947298179037 0.2144012
2.5772272591265413 0.2968032
2.578509157575273 0.2006174
2.5797916663441924 0.158754
2.581075451546245 0.2222501
2.582361181946713 0.1943927
2.5836475264029404 0.2522557
2.584935821213431 0.2733384
2.5862254014403723 0.2090299
2.58751559948467 0.2330884
2.5888077556538267 0.2705738
2.5901005321620554 0.2317793
2.591394600466555 0.2021457
2.5926906347088163 0.2264404
2.5939872930938463 0.3101392
2.5952859226500986 0.6756072
2.5965858531251604 0.4704857
2.5978864115732723 0.2414799
2.5991889490803293 0.1825274
2.600492117128246 0.1393423
2.601796592583111 0.1611221
2.603103055027776 0.2371322
2.6044101518865954 0.3563655
2.605719241047791 0.3412829
2.6070296468804415 0.2006638
2.608340691027699 0.1926384
2.6096530544553693 0.2260173
2.6109674208707156 0.2338859
2.6122824295271507 0.2599286
2.6135994465441814 0.2476479
2.614917108435121 0.2266791
2.6162367840798852 0.3355127
2.617557792404109 0.4222989
2.6188794495743926 0.1995833
2.62020244208108 0.2392319
2.621527459189371 0.2156701
2.622853129142469 0.1599493
2.6241808291519195 0.1847215
2.6255091846875054 0.2061331
2.626839575754901 0.1840631
2.6281713157703153 0.1780491
2.629503715357275 0.2664658
2.63083746659823 0.4012795
2.6321732643844324 0.2334925
2.633509725814769 0.1686128
2.6348482393285355 0.1608558
2.636188114165926 0.1477866
2.637528656748856 0.1315132
2.638870563398865 0.1219913
2.6402145332721156 0.1313677
2.641559175019937 0.1713237
2.6429058855928327 0.181268
2.6442532708090836 0.2013194
2.6456027304736662 0.1819845
2.646953568199288 0.09670272
2.6483050847457625 0.09287538
2.6496579821476645 0.1407859
2.6510129653091092 0.1499779
2.6523686314971426 0.1821174
2.6537263891328844 0.1536392
2.655084832615487 0.1603149
2.656445373255811 0.1520123
2.6578073089700998 0.1344965
2.6591699347865165 0.2117349
2.6605339585233403 0.2876032
2.6619000909038877 0.2569721
2.663266917670696 0.2369817
2.664635858857436 0.3060091
2.6660054973033356 0.5101175
2.6673772559676565 0.4448198
2.6687497147773747 0.2988757
2.670124299626396 0.3412386
2.671499587520464 0.3416321
2.672877007297222 0.2076571
2.6742551330321587 0.1565208
2.6756353965157875 0.1251777
2.677016368884289 0.1677735
2.6783994848902113 0.2248199
2.6797833127213337 0.2291334
2.681169290101445 0.1975363
2.682555982260794 0.2066756
2.6839448299036546 0.2428249
2.6853343952935758 0.2228926
2.686726122124598 0.2214568
2.688118569684366 0.2319728
2.6895131846660094 0.2350835
2.6909085233720207 0.1984521
2.6923060355039783 0.2032979
2.693704274369942 0.2864313
2.69510469268934 0.3425623
2.6965058407664766 0.242363
2.6979091743480637 0.1566322
2.6993132407252944 0.1270626
2.7007194986816434 0.157329
2.7021264924857915 0.20151
2.7035356839674924 0.1760714
2.704945614363478 0.1529078
2.7063577485593378 0.1236136
2.7077706247503777 0.1458466
2.7091857108876214 0.1911955
2.7106015421154295 0.1783041
2.7120195894598984 0.09672808
2.7134383850048884 0.05507097
2.714859402861245 0.05203294
2.7162811720427302 0.0782685
2.7177051697546593 0.1106703
2.7191299219310605 0.2078403
2.7205569088814756 0.3775121
2.721984653450524 0.2887053
2.7234146390617733 0.2139309
2.7248453854607155 0.2634665
2.726278379194788 0.1583844
2.7277121369005988 0.11455
2.729148148259336 0.09828512
2.7305849267889224 0.1137837
2.732023965314224 0.07901158
2.7334637742246395 0.04742638
2.7349058494986784 0.150434
2.736348698387333 0.2066701
2.737793820032766 0.1621572
2.7392397185376405 0.2246472
2.7406878962178234 0.2687355
2.7421368540176827 0.2453943
2.7435880974368847 0.2008237
2.745040124251496 0.2019406
2.7464944431551177 0.2009649
2.747949548745465 0.1983355
2.749406952920255 0.1863465
2.7508651470887595 0.1764768
2.752325646363036 0.1855833
2.753786938953776 0.2230368
2.7552505431976444 0.2885699
2.7567149440965775 0.2769624
2.758181663222157 0.1481739
2.759649182357342 0.1173482
2.761119026318987 0.103016
2.7625896736608073 0.1294978
2.764062652455331 0.1535616
2.7655364380167233 0.1242158
2.7670125616836274 0.120315
2.768489495520307 0.1199753
2.769968774142009 0.0655234
2.771448866352699 0.08732487
2.7729313100547603 0.07685561
2.7744145707814196 0.04007595
2.775900189732778 0.02693051
2.7773866291608376 0.07238379
2.778875433574039 0.09756598
2.7803650619326317 0.0640046
2.781857062064066 0.0133657
2.78334988962626 0.03300569
2.784845095776393 0.01589826
2.786341132859432 0.02443563
2.787839555373045 0.03428218
2.7893388123385843 0.03393505
2.790840461605012 0.03031909
2.7923429488593556 0.05044613
2.793847835312728 0.05213954
2.795353563307071 0.03070006
2.796861697426552 0.02808732
2.7983706766572234 0.03953419
2.799882068967255 0.01142911
2.801394309975961 -0.01561812
2.8029089710465107 -0.03781197
2.8044244844205806 -0.02275046
2.8059424248673843 0.02462
2.807461221240016 0.0317935
2.8089824517248276 0.01103012
2.810504541775339 0.001259741
2.81202907300618 -0.01586105
2.813554467460258 -0.002680145
2.8150823101916678 -0.007174353
2.8166110198216185 -0.005390958
2.8181421848549095 0.02443273
2.8196742204799143 0.02162871
2.8212087186634243 0.01053212
2.822744091149794 0.01985628
2.824281933379143 -0.01171116
2.825820653640575 -0.03652035
2.8273618508589244 -0.007474324
2.8289039298567613 0.01896586
2.8304484930550697 0.01001863
2.8319939417985593 -0.0254702
2.8335418820158496 -0.02003299
2.8350907115624073 -0.01057798
2.8366420398860237 -0.007089777
2.8381942613414948 -0.01360601
2.839748988907372 0.002071511
2.8413046134263005 -0.007314825
2.8428627514192284 0.02362563
2.84442179020512 0.02948202
2.84598334985901 0.02550125
2.847545814164604 0.02580723
2.8491108067627633 0.01693212
2.850676707890303 0.001323648
2.8522451447657025 -0.02485538
2.853814494067205 -0.03127794
2.8553863866027553 0.02195156
2.856959195480291 0.01348514
2.858534555109116 -0.006647316
2.8601108350150786 0.00235729
2.861689673220795 0.03032341
2.863269435658184 -0.001387423
2.8648517639751767 0.01355865
2.8664350204978772 0.01622418
2.8680208505115834 0.01068399
2.8696076127246433 0.01021292
2.8711969560718353 0.02479921
2.8727872356317543 0.02011538
2.8743801040008212 0.01689514
2.8759739126158337 0.02387007
2.87757031774707 0.01769661
2.879167667177431 0.01606089
2.8807676208633257 0.007499453
2.8823685229216034 -0.006911295
2.883972037007129 -0.003544058
2.885576503558493 0.04292852
2.887183589941399 0.007010409
2.8887916329039145 -0.02094631
2.8904023035350197 -0.01113812
2.892013934879944 -0.00367726
2.893628201763435 -0.009925968
2.8952434335155117 0.001312364
2.8968613087092394 0.01790052
2.8984801529470006 0.01617856
2.900101648562782 -0.002207172
2.901724117418847 0.02671284
2.9033492456227656 0.005077174
2.9049753512841443 -0.006300193
2.906604124296856 -0.001672973
2.908233879005256 0.01270582
2.9098663091022945 0.01891924
2.9114997251544263 0.04601177
2.9131358246665116 0.0432248
2.9147729144143972 0.05797752
2.916412695727747 0.03569847
2.9180534715790345 0.02231999
2.9196969471356753 0.02225945
2.921341421553949 0.0230902
2.9229886038520316 0.001388343
2.9246367893571295 0.01855025
2.926287690951245 0.01000693
2.927939600119577 0.005469941
2.9295942336210783 -0.009712192
2.9312498790859425 0.002764741
2.9329082571632616 0.0120415
2.9345676516151715 0.01393061
2.9362297869941463 -0.004303553
2.9378929431811507 -0.01640234
2.939558848645348 -0.03601759
2.94122577937336 -0.03229159
2.942895467764406 -0.02095834
2.9445661858975307 -0.006638608
2.9462396701154363 -0.004525184
2.947914188576302 0.003282698
2.949591481579801 0.004887179
2.9512698133498922 -0.01574527
2.9529509281567705 -0.02025216
2.9546330862767634 -0.01681584
2.9563180359642 0.006190046
2.9580040335343 -0.01675707
2.959692831239203 -0.00287548
2.9613826814194857 -0.02225612
2.9630753403388335 -0.05413792
2.9647690563495868 -0.02800584
2.9664655897407757 0.003628234
2.9681631848628425 -0.001481741
2.969863606044029 0.005576544
2.9715650936191587 -0.01566325
2.9732685319367693 -0.04584687
2.9749748094008015 -0.03181533
2.9766830463612433 -0.01689331
2.978392359113106 -0.02054064
2.9801045241860815 -0.0245682
2.981817769785181 -0.01207738
2.983533876535401 0.01698472
2.98525106857062 0.005208021
2.9869711306253253 0.0009743238
2.9886922827482216 0.00588882
2.9904163137975415 -0.00719441
2.9921414397227117 -0.003720187
2.993869453520027 0.01781354
2.9955985670254694 0.007169192
2.9973305773877783 -0.007251498
2.9990636923152594 -0.03201807
3.0007997131235475 -0.03071552
3.002536843378971 -0.01391233
3.0042768885785804 0.004635493
3.0060180481323613 0.01654281
3.007762131733364 0.008772286
3.0095073346208006 0.01974206
3.011254563932699 0.01333131
3.013004731020029 0.02544654
3.0147569337148408 0.03039783
3.016510265636911 0.02546326
3.018266549155489 0.0162623
3.0200239669102014 0.03078787
3.021784345525327 0.01744838
3.0235458634113157 0.02323856
3.0253094362124093 0.03089046
3.0270759838451005 0.02628783
3.028844595738597 0.02399472
3.030614357050618 0.01119427
3.032387107260384 -0.02139188
3.0341610120019276 -0.02703351
3.035937915069637 -0.03762227
3.037715977808877 -0.01237766
3.039496124490467 -0.0009800813
3.0412792837179032 0.002345857
3.0430645363997684 0.009244503
3.0448509591128277 0.03659304
3.0466404086885306 0.02723716
3.04843103351567 0.01655896
3.0502237644153576 -0.004536383
3.052019536587458 0.01355281
3.0538164918916593 0.01084273
3.0556164981290466 0.0137536
3.0574186275675816 -0.0004298333
3.0592219480819445 0.006113869
3.0610283341026716 -0.001156126
3.0628359165291457 -0.01353536
3.0646456350252222 -0.03503436
3.0664584336959626 -0.03252805
3.068273378248765 -0.01991313
3.0700895299508724 0.01167616
3.0719087765969704 0.01319091
3.073729235806364 0.03000545
3.075552799860247 0.01308285
3.0773775819197913 0.01327401
3.0792045306183784 0.007976022
3.0810345990942376 0.005038724
3.082866844198692 -0.0199697
3.084700318279379 -0.03807103
3.08653692717347 -0.02244047
3.088374770572359 -0.006260974
3.0902148039212354 -0.01838353
3.092057987218669 -0.01446627
3.0939024133676383 -0.0128329
3.095749999613031 -0.0446607
3.0975997938237576 -0.03427277
3.099450839300293 -0.01018781
3.1013050601823755 0.002296671
3.1031605379763234 -0.02351784
3.105018237324617 -0.03667695
3.1068791274889205 -0.02890479
3.1087412830894423 0.002823755
3.1106066398387218 0.009063207
3.1124742364945073 0.02628729
3.1143431071801184 0.02170425
3.1162151946029644 0.005152004
3.1180885618221863 -0.006806942
3.1199641828111813 0.008108695
3.1218430362296132 0.00911788
3.123723178150931 0.0187809
3.1256065630236365 0.02284298
3.127492220363102 0.02635609
3.129379174982992 0.01500542
3.131268407944153 0.02573209
3.1331609050448592 0.02290114
3.135054708272187 0.001289211
3.136951786305825 -0.009341638
3.13885017640338 0.006379785
3.1407518520228486 0.006558767
3.142655833303478 0.003469273
3.1445611356142305 -0.005764997
3.146468749587026 0.01757988
3.148379670660596 0.03149483
3.150291921800933 0.02697848
3.152207490905881 0.002716187
3.154124396142884 -0.00123812
3.156044630258325 -0.003681449
3.1579672038789943 0.01613099
3.1598911227914726 0.02789468
3.161817387339704 0.03467525
3.163747002745183 0.02423122
3.165677972674501 0.01053327
3.1676123045266444 0.01156648
3.169549001702998 0.00962086
3.1714870627113996 0.0001532142
3.173427495273973 -0.002587398
3.175371312044374 -0.01979052
3.1773165020287166 -0.03960226
3.179265087440917 -0.003015846
3.1812150523643905 0.01437726
3.183168423987848 0.02164046
3.1851241959552112 0.002042667
3.187081356944507 -0.00410517
3.189040924643282 -0.0244696
3.19100392174382 -0.02945128
3.192968317452573 0.001600667
3.1949361539933663 0.0333568
3.196905395577081 0.01091122
3.198878089476459 -0.00237044
3.2008532194341726 -7.849212e-06
3.2028297641532246 0.0103555
3.204808751435354 0.03268498
3.206791214161703 0.04761441
3.2087751014454247 0.01571817
3.210762475818945 -0.001506641
3.2127512813255295 -0.0003762372
3.2147435856221236 -0.004465314
3.216737327663298 -0.01168957
3.2187345802496514 0.01260423
3.22073327722816 0.001414643
3.222735496562308 -0.0143793
3.2247391669724794 -0.02659594
3.226746371604374 -0.02573761
3.2287550340326923 -0.02286691
3.2307672426047738 -0.01046119
3.2327809157304537 -5.627541e-05
3.2347981469782296 -0.01371391
3.236816849573792 -0.01570105
3.2388391223264192 0.001477673
3.240862873258279 0.001254818
3.2428902064391476 0.003724236
3.244919024668199 0.01338746
3.2469514372955235 0.009632399
3.2489853418777317 -0.003337266
3.2510228530651455 0.002028118
3.2530618631521455 0.03529041
3.255104492109301 0.03267684
3.257148626948996 0.03337386
3.259196392982168 0.01100087
3.2612456719193372 0.003100335
3.2632985944320296 0.01068381
3.265353036908938 0.03974509
3.2674111354024977 0.03088178
3.269470760959511 0.0242789
3.271534055033746 0.008769287
3.2735988833099485 -0.0005709369
3.2756673926637494 -0.0292553
3.2777374433975717 -0.03166916
3.2798111878295386 -0.01293995
3.281886480859382 0.0210072
3.2839654802684577 0.01906874
3.2860460355333303 0.00140455
3.288130309919434 -0.005153198
3.2902161474595912 0.01976079
3.292305716924262 0.01470749
3.2943968568818467 0.02453508
3.296491741628889 0.02331108
3.2985882042485817 0.007207857
3.3006884245847155 -0.003124631
3.3027902302143874 0.002704304
3.3048958065499074 -0.007154798
3.3070029756412778 0.02429039
3.30911392849071 0.0253772
3.311226481600011 0.01051297
3.3133428315827844 -0.01353097
3.3154607893714285 -0.006355642
3.3175825572125404 0.0003460841
3.319705940447795 0.007765473
3.3218331469784936 -0.002134599
3.323961976534158 0.004674779
3.3260946426926203 0.0001869123
3.3282289395497107 0.01671995
3.330367086381729 0.005372937
3.332506871629169 0.001058258
3.3346505202888475 -0.001361083
3.3367958151241606 0.006233297
3.3389449868746075 0.01721945
3.3410958126046175 0.00759399
3.3432505288186523 0.01318603
3.345406906860192 0.009092597
3.3475671890210505 0.01151322
3.3497291409016667 0.03170812
3.3518950106037195 0.02549142
3.354062557962394 0.01051967
3.3562340369118617 0.01334004
3.3584072014997304 0.00326138
3.360584311515412 0.004063173
3.3627631151964947 -0.004632643
3.364945878210495 -0.003768054
3.367130342962428 -0.01284414
3.3693187810208967 -0.002728638
3.3715089289356723 -0.006098434
3.3737030641995456 0.004802863
3.3758989174842533 0.01236164
3.3780987722300013 0.0251165
3.3803003532075837 0.0314251
3.382505949827966 0.03810827
3.3847132809379716 0.01546044
3.386924641942794 -0.004030643
3.3891377457421417 -0.01520815
3.3913548937590257 0.003484702
3.39357379292277 0.01661913
3.3957967506979214 0.01221835
3.3980214680200307 0.01172116
3.4002502584190197 0.04120305
3.402480816813154 0.02616835
3.4047154628216987 0.01592287
3.4069518853219996 0.01100847
3.4091924100467534 0.01120343
3.411434719808632 -0.001819684
3.4136811464779857 -0.01448057
3.4159293667789257 -0.02916744
3.418181718743804 -0.01194273
3.4204358729841666 0.01948263
3.4226941737188428 -0.0001711686
3.4249542854226753 -0.01798414
3.427218558525583 -0.01445458
3.429484651341443 -0.0006541267
3.431754920535999 -0.003950251
3.434027018237774 0.005519731
3.4363033073732074 0.005543184
3.4385814338609495 0.01660962
3.440863766913136 -0.006901473
3.443147946213897 -0.003818173
3.4454363472862024 0.01234753
3.447726603554882 0.02003649
3.4500210968790075 -0.01836549
3.4523174543992017 -0.0278457
3.454618064336043 -0.01353384
3.456920547520904 0.02315761
3.459227298561411 0.01373852
3.4615359319545114 0.002681161
3.4638488487205583 -0.004568029
3.466163656996763 -0.006671031
3.468482764242024 -0.009530148
3.470803772208372 -0.0008306773
3.473129094819203 -0.008881113
3.4754563274157895 0.01554864
3.477787890412121 0.00903776
3.4801213727129943 0.01340439
3.482459201249228 0.01490706
3.484798958463287 0.009093023
3.4871430778291974 -0.01349558
3.489489135301103 0.004191924
3.491839570922753 -9.743003e-06
3.494191954133839 -0.007172632
3.496548731574499 -0.01218695
3.4989074661436965 -0.002332318
3.50127061110477 0.006862763
3.503635722789539 0.0254763
3.506005261111495 0.005163759
3.50837677580876 0.01201198
3.5107527334720783 0.01686946
3.5131306772191744 0.01439395
3.515513080345294 0.006815472
3.5178974793209195 0.003041692
3.520286354173194 -0.01810211
3.522677234698371 0.004553404
3.525072607683037 0.01309255
3.5274699962220795 -0.006012621
3.529871893889227 -0.008884226
3.5322758170507194 0.003007833
3.5346842660952733 -0.001511779
3.5370947506330515 -0.006953654
3.5395097778957614 0.01474294
3.5419268507099084 0.0224615
3.5443484831783447 0.0208428
3.546772171316189 -0.001882846
3.5492004361257496 0.0003820788
3.5516307667828757 -0.004348272
3.5540656912177973 -5.752825e-05
3.556502691739062 0.00911462
3.558944303233443 0.02662748
3.561388001114002 -0.003326253
3.5638363272528344 -0.03379163
3.5662867501391746 -0.03617714
3.5687418186593804 -0.008994946
3.5711989943503637 -0.006150427
3.5736608331418447 0.008134352
3.5761247895897577 0.004924786
3.5785934266964503 -0.00387753
3.5810641920080672 -0.01274827
3.5835396556290062 -0.009564207
3.5860172580666565 -0.0008852175
3.58849957655705 0.02323631
3.5909840445396934 -0.01081774
3.5934732464120067 -0.03638174
3.595964608516323 -0.0220933
3.5984607224413687 -0.01316715
3.6009590074028517 -0.01827694
3.6034620622108897 -0.008219979
3.6059672989249525 -0.01574354
3.6084773236068033 -0.003057415
3.6109895411298933 0.01015456
3.6135065648380515 0.01478277
3.6160257923887715 0.009638016
3.6185498444385424 0.0106863
3.6210761113987853 0.000745075
3.6236072212694146 -0.005628189
3.6261405571855057 0.004013479
3.6286787545213337 0.004310912
3.6312191891051806 0.01205054
3.6337645037167956 0.02103139
3.6363120668470517 0.02288686
3.6388645287124604 0.007189202
3.6414192504356957 0.02597894
3.6439788897014957 0.01728461
3.646540800233379 0.01111514
3.6491076472159496 -0.0009045008
3.6516767769424368 0.006673985
3.6542508621291345 0.003390286
3.6568272416076733 0.0140096
3.659408595658039 0.009941769
3.6619922556187783 0.009197418
3.664580909365753 -0.005183565
3.667171880712766 0.009980051
3.669766518444797 0.02602315
3.672366178976438 0.01883261
3.6749695253152113 0.0179202
3.6775752128488595 0.03125974
3.6801859524358047 0.03233069
3.682799045123864 0.02340431
3.68541720949791 0.004851704
3.688037738952575 0.01504828
3.690663359832296 0.01226102
3.693291357845954 -0.001735278
3.69592446713085 -0.01339315
3.698559965677364 -0.009094376
3.7012005954491514 -0.01052507
3.703843626685156 0.01050592
3.706491809209075 0.02168353
3.7091424054752875 0.02911292
3.711798173201411 0.01381785
3.714456367023948 0.004929756
3.7171197525885096 -0.01068327
3.7197855766802177 -0.01685778
3.7224566129069476 0.002499223
3.7251301001687485 0.01324338
3.7278074304148827 0.007288188
3.730490003592462 0.006173135
3.7331764403714653 0.02757667
3.735865353435278 0.01513547
3.7385595404861696 0.01327563
3.741256216564861 0.009378462
3.7439581874749623 0.007282165
3.7466626602353954 0.01446311
3.7493710430075353 0.01037337
3.75208475209038 -0.006273002
3.7548023922597 0.01291257
3.757522560165451 0.005083924
3.7602480861277305 0.004859981
3.7629761528912264 0.01015067
3.7657095990197105 0.01810717
3.7684455990961756 -0.006155193
3.771185577779571 0.002056229
3.773930968009519 -0.01563657
3.7766803583918596 -0.01259413
3.7794323292641443 -0.01254673
3.7821897441386456 0.0001394421
3.7849497528995553 0.00141802
3.787713792770391 0.01243247
3.7904833093648436 -0.002843046
3.79325544009729 0.009645759
3.7960330695216884 -0.0008664479
3.798814769791825 -0.01459557
3.8015991046473787 -0.03246298
3.804388971380723 -0.02277034
3.8071814864378677 -0.02827848
3.809978104055836 -0.008863622
3.8127802870108494 -0.007481666
3.8155851390590003 -0.0152758
3.818395578908863 -0.0232354
3.821210161973456 0.00721818
3.8240274351024306 0.003497918
3.82685032997017 -0.008753483
3.829675928993213 -0.03092808
3.8325057037266133 -0.0002049005
3.835341134417201 0.001403471
3.838180763728885 0.008969735
3.841023125647933 0.02508862
3.843871178038888 0.01168725
3.846721977399739 -0.002907338
3.8495770084783083 0.01153711
3.852437764831018 0.01810957
3.8553012898681525 0.008311603
3.8581705635475414 0.01223288
3.8610441112706577 0.004765814
3.8639204496057835 0.0127609
3.8668025718877264 0.009856989
3.869687499516289 0.007574816
3.8725767351080056 -0.006602178
3.875471790247065 -0.006414349
3.878369673010775 -0.0001688889
3.8812733992270054 -0.006258057
3.8841814767269556 -0.02034855
3.887092404349345 -0.007228504
3.8900092115418126 -0.0009314612
3.8929288839751472 0.01405826
3.8958529424598107 -0.002410301
3.8987829169368204 -0.005025898
3.9017157795140416 0.01065687
3.904654582541665 0.03393113
3.907597815965428 0.01052249
3.91054396057546 -0.009202609
3.9134960825904206 -0.02338542
3.916451131306074 0.008704393
3.9194106460599736 0.01417492
3.9223761754871105 0.0004217051
3.925344655074077 -0.013783
3.9283191743615897 0.005054885
3.9312982050871788 -0.01421975
3.9342802096656606 -0.0004240003
3.9372667415534797 0.01128517
3.9402593636323515 0.003284317
3.9432549834856476 -0.01753677
3.946256718995346 -0.007482062
3.949261468359109 -0.00526733
3.9522723589928033 0.009086121
3.9552878440952104 0.00692554
3.958306367371206 0.01301517
3.961329501407262 0.02453259
3.964358828389249 0.02973362
3.9673912181001914 0.02756146
3.970429826821762 0.01265878
3.9734730936269465 -0.005141722
3.9765194479636636 -0.01115804
3.979572060698025 -0.0005502159
3.9826277776339603 -0.01408338
3.9856881908443165 0.005862085
3.988754902179775 0.01486324
3.9918247429264864 0.009274493
3.994900908480416 0.009302781
3.9979818187778804 0.01102067
4.001065883951485 -0.003367953
4.004154710928059 0.006671772
4.0072499165490205 0.02368518
4.010348302760443 0.03115635
4.0134530947736815 0.005986861
4.016561084664287 -0.003600468
4.019675507674967 -0.02249114
4.022794764252159 -0.01766745
4.025917244855481 -0.008419087
4.029044576543385 0.01876313
4.032178396475231 0.01426022
4.035315466839593 0.00320838
4.038459053255967 -0.01241019
4.041605907857852 0.01661592
4.044759306485569 0.01446046
4.047917629733736 -0.008756054
4.051079248022465 -0.01956639
4.054245808923395 0.009618027
4.057418970300099 -0.002210059
4.060595453838541 -0.01515838
4.063778566331432 -0.02355231
4.066965019220477 0.01641035
4.070158129713497 0.03337962
4.07335459895991 0.02929235
4.076557754631988 -0.002578781
4.079764287538524 -0.004160062
4.082977535865895 -0.02280127
4.08619418003363 -0.01482263
4.089417568792182 -0.0021633
4.092644372122871 0.01546489
4.0958779493905135 -0.0004671763
4.099114960088968 0.02678853
4.102358774248017 0.01317793
4.1056060408245045 -0.001507173
4.108860140564105 -0.01335476
4.112117711836772 -0.01049301
4.115382146155328 -0.007866248
4.118650071252646 0.01638944
4.12192488946028 0.008225465
4.125203217823517 0.0003231371
4.128488469544553 -0.02326107
4.131777250930269 -0.003308688
4.135072986105741 0.01069895
4.138372270588298 0.02280683
4.14167853947848 0.007845822
4.144988377452589 0.01070999
4.148305230639548 0.00341106
4.151625672822836 0.0004220847
4.1549531612130135 0.01854057
4.1582842586486075 0.01940172
4.161622433475425 0.02484732
4.164964237534574 0.01140892
4.168313150361059 0.007556917
4.171665712745774 0.003687053
4.175025415467216 0.02373617
4.178388788212932 0.02185412
4.181759333059567 0.02585174
4.18513356853784 0.001421228
4.188515008077551 -0.008838355
4.191900158998774 0.002242406
4.195292546139828 0.03615805
4.198688665555974 0.02186306
4.202092053549781 0.01575094
4.205499194857179 -0.01278033
4.208913637301077 -0.009825019
4.212331854243208 0.02781351
4.215757405083276 0.06663601
4.2191867517535995 0.03178545
4.222623465287501 0.0004014423
4.226063996132306 -0.04685174
4.229511927012158 0.01508409
4.232963696833447 -0.08238187
4.236422900068715 -0.05665296
4.239885964027112 0.03929701
4.243356494987535 0.1136969
4.246830908605226 0.04187125
4.2503128230237746 0.07190271
4.253798642187474 0.05946096
4.257291996163328 0.1137709
4.260789277127273 0.1446768
4.264294127128842 0.1941864
4.267802926517822 0.2488956
4.27131932938578 0.3275912
4.274839704198192 0.2775489
4.278367717148553 0.2998642
4.281899724759486 0.2889563
4.285439405386711 0.3696079
4.288983103551064 0.4050673
4.292534509831191 0.5288351
4.296089956686822 0.5704331
4.299653146980633 0.6769141
4.303220401051536 0.7677422
4.3067954341077535 0.8900008
4.310374554307272 0.9445215
4.313961489265785 1.109668
4.317552534899857 1.267299
4.321151431294989 1.416059
4.324754462065417 1.52415
4.328365379829211 1.689943
4.331980455836976 1.86505
4.33560345530253 2.068787
4.339230637051128 2.259305
4.342865778955949 2.464065
4.3465051273547735 2.680113
4.350152472844173 2.99826
4.353804049211917 3.29455
4.357463659842443 3.614132
4.361127525910549 3.952501
4.364799463653442 4.329877
4.368475681569575 4.712808
4.372160008814275 5.17866
4.375848641145842 5.659116
4.379545420703512 6.185796
4.383246530441209 6.769268
4.3869558255483145 7.457392
4.390669476109709 8.198652
4.394391350431617 9.059439
4.398117605664776 10.00188
4.401852123299399 11.04099
4.405591047486545 12.18491
4.409338272968022 13.48657
4.413089930829229 14.89702
4.416849929131643 16.49463
4.420614385828571 18.23973
4.4243872223697025 20.17546
4.428164543509373 22.24909
4.431950284154492 24.50529
4.4357405357931 26.89079
4.439539246858804 29.43868
4.443342495505559 32.07601
4.447154243763644 34.77411
4.450970556384672 37.47274
4.454795409066043 40.16742
4.458624853088311 42.72174
4.462462877886934 45.1124
4.466305521202222 47.31456
4.470156786279122 49.28721
4.4740126972480345 50.99847
4.477877271235325 52.46806
4.481746518691348 53.63404
4.485624470696312 54.60406
4.489507123949903 55.34721
4.493398523559113 55.90088
4.497294652401847 56.2657
4.501199569685321 56.5248
4.505109244394067 56.63602
4.509027749909481 56.69014
4.51295104125063 56.72734
4.516883206047565 56.73004
4.520820185281295 56.69216
4.524766080905533 56.64993
4.528716819790131 56.59871
4.532676518287989 56.57658
4.536641089084206 56.54092
4.540614663006932 56.52362
4.544593138482388 56.49612
4.548580660890576 56.49036
4.5525731143242165 56.47765
4.556574658792298 56.50327
4.560581163978888 56.51705
4.5645968045996534 56.57388
4.568617435854327 56.60592
4.572647247243494 56.63424
4.576682079406349 56.62251
4.580726136707191 56.65054
4.584775245147933 56.67385
4.588833624035943 56.67614
4.592897084658575 56.66092
4.596969861346195 56.67739
4.601047750593765 56.66893
4.605135001835146 56.63723
4.609227396694538 56.57102
4.61332919979037 56.52233
4.61743617779715 56.44217
4.62155261059953 56.38699
4.6256742498428425 56.30343
4.629805390760205 56.24168
4.63394176988772 56.15399
4.638087697889809 56.07397
4.642238896112729 55.97866
4.646399690735636 55.90456
4.650565787833749 55.80971
4.654741529184996 55.73857
4.658922605511785 55.65174
4.663113374275469 55.57401
4.667309510763283 55.47035
4.671515388205266 55.3959
4.6757266663705375 55.31242
4.6799477343437035 55.25511
4.6841742362922325 55.17001
4.6884105772417985 55.13294
4.692652385674083 55.07877
4.696904082642967 55.03182
4.701161280859598 54.96862
4.705428417493842 54.95517
4.709701089400959 54.93248
4.713983749955217 54.9022
4.718271980070019 54.85928
4.722570249413103 54.85445
4.72687412286942 54.81883
4.731188086489903 54.81408
4.735507689043835 54.81693
4.739837433055721 54.83097
4.744172851091325 54.81956
4.7485184622397805 54.85754
4.752869782774839 54.87616
4.757231348441983 54.9133
4.761598659133817 54.92334
4.765976267344579 54.93518
4.770359656495943 54.95009
4.774753395923984 55.01572
4.7791529524890075 55.04375
4.7835629124627115 55.07005
4.787978726052925 55.08109
4.792404996561449 55.13028
4.796837157451863 55.1705
4.801279829151259 55.19173
4.805728428286518 55.16201
4.810187592505921 55.17546
4.8146527215065245 55.20466
4.8191284702544115 55.24768
4.823610221423004 55.21511
4.828102647393525 55.20882
4.832601113721253 55.22117
4.837110310300626 55.22018
4.841625585473574 55.13976
4.84615164674656 55.11483
4.850683825152251 55.07734
4.855226845908694 55.03408
4.859776022642668 54.98324
4.864336098384117 54.95465
4.868902369256581 54.89803
4.873479596202975 54.84674
4.878063057745535 54.76962
4.882657532841975 54.71572
4.887258282314429 54.63335
4.891870103238027 54.58507
4.896488238635251 54.52275
4.901117503802041 54.45852
4.905753123860945 54.37096
4.910399932432897 54.31911
4.91505313663946 54.24687
4.919717588531548 54.20197
4.924388477127939 54.15438
4.9290706730153095 54.12158
4.933759347007082 54.09124
4.938459388332297 54.11061
4.943165949495674 54.07573
4.947883938476032 54.06346
4.952608489365264 54.05572
4.957344529000218 54.04167
4.962087172955037 54.05003
4.966841367033683 54.11254
4.971602208186837 54.15768
4.9763746612955 54.24174
4.981153804580369 54.25687
4.985944622110272 54.29461
4.990742173268586 54.35702
4.995551461423602 54.42579
5.000367527013235 54.45996
5.005195392817744 54.53961
5.010030080220601 54.59018
5.014874116629924 54.67407
5.0197300489574275 54.71915
5.024595394455861 54.77682
5.029467650967016 54.79545
5.034349365722323 54.85207
5.039243105685526 54.89551
5.044146369021678 54.91144
5.049056634258456 54.90786
5.0539790229546675 54.95302
5.0589084595573155 54.98318
5.063850085730982 54.97631
5.068798806196504 54.93217
5.073759782843082 54.94193
5.078727900550382 54.93832
5.083708341551995 54.8951
5.088695970770529 54.85259
5.093695990904697 54.86003
5.098703246803241 54.80634
5.1037229617516795 54.76715
5.108749960407188 54.73012
5.1137894867647455 54.7118
5.118836345171325 54.66514
5.123893175025529 54.65321
5.128962636532985 54.58904
5.13404213919107 54.5414
5.139129071796203 54.46272
5.144226094909943 54.4465
5.1493358901502475 54.36047
5.154455846673494 54.324
5.159583332688385 54.27037
5.164721030175915 54.21045
5.169871642426862 54.13251
5.175032538017082 54.07311
5.180201064324111 53.99747
5.185379925009035 53.89842
5.190571845300197 53.76859
5.1957741729496565 53.7028
5.200984234256492 53.53679
5.2062047548268024 53.39505
5.211438482095582 53.24495
5.216682742743985 53.0753
5.221934841741431 53.0257
5.227197526908306 52.93015
5.2324735681597705 52.77431
5.2377575274432315 52.6115
5.243054918378742 52.45626
5.248360281039197 52.34513
5.253679151509802 52.22908
5.259006047856955 52.08243
5.264346528768865 51.88031
5.269695090172387 51.71604
5.275057313497712 51.53832
5.280427672398043 51.32875
5.285811771185665 51.15521
5.291204061104941 50.93603
5.296610169491525 50.67279
5.302024525044644 50.48946
5.307452778265769 50.20618
5.312889335171593 49.91087
5.318339869573033 49.59704
5.323798764665735 49.27077
5.329271717714872 48.91493
5.334755934915977 48.50381
5.340248599252792 48.08487
5.345752585740526 47.69864
5.351270793031575 47.12415
5.356800404545567 46.57393
5.36233858020289 46.23661
5.367888219095726 45.86828
5.373452244249196 45.40127
5.379024922636174 44.96461
5.384612071007957 44.58504
5.390207932661211 44.23016
5.395818348696127 43.85576
5.401437538586519 43.5022
5.407071367934985 43.20308
5.4127140322446206 42.86941
5.418371421775243 42.60868
5.424037707910146 41.98787
5.42971880572249 41.45276
5.435408862325442 40.87114
5.441113817762951 39.91312
5.44682779472649 38.48249
5.452556758389576 36.86451
5.458294806869155 35.03912
5.464047930628448 32.51327
5.469810203055764 28.92144
5.475587640065532 26.58155
5.481374290162029 23.0537
5.487176194873769 20.00556
5.4929873776643054 17.22644
5.49881390584051 14.69816
5.504649777667195 12.19305
5.510501086395289 10.29743
5.516361804931517 8.631153
5.522238052637974 7.234442
5.528123776902614 5.790451
5.534025123367255 4.922763
5.539936013739042 4.039027
5.545862620109521 3.486335
5.551798838341611 2.765997
5.557750867148078 2.36988
5.563712576382819 1.955171
5.569690191552786 1.775626
5.575677556336646 1.428984
5.581680923210024 1.316111
5.587694109508747 1.00968
5.593723394853104 0.9591504
5.599762570067029 0.7379997
5.605817942093021 0.6877216
5.611883275072632 0.5647897
5.617964903449655 0.5661012
5.624056564511303 0.4235755
5.6301646203833355 0.4264963
5.636282781325192 0.2520572
5.6424174373268485 0.2249911
5.648562271445049 0.1337046
5.654723701717849 0.2288495
5.660895383822859 0.1609132
5.667083764031699 0.2162929
5.673282470464891 0.1337355
5.679497977814744 0.1200556
5.685723886465191 0.07338504
5.69196669971802 0.1579792
5.698219990039512 0.07494163
5.704490289531405 0.1018995
5.710771142559693 0.05777666
5.717069110218232 0.1312153
5.723377708588501 0.02338815
5.729703527950353 0.0486704
5.736040055914918 -0.0188468
5.742393912143671 0.05417948
5.74875855558992 0.03098328
5.75514063549414 0.03475378
5.761533581962713 -0.05638021
5.767944074014258 6.555626e-06
5.774365512717464 0.005103413
5.780804607070039 0.08847095
5.78725472891052 -0.005434466
5.793722617418479 0.03235307
5.800201615008138 0.04812871
5.806698491245531 0.08899581
5.813206558924697 0.02962201
5.819732618204589 0.01048706
5.826269952061451 -0.08452853
5.832825391455494 0.02663116
5.839392189345796 -0.0001671493
5.845977207704063 0.04381657
5.852573669271061 -0.028628
5.859188467242157 -0.03131818
5.86581479393686 -0.04704559
5.8724595739882925 0.009026181
5.87911596908996 -0.06964895
5.885790935528812 -0.06740573
5.892477604165746 -0.09144429
5.899182963159602 0.07554162
5.90590011233022 -0.01828783
5.9126360719284 -0.02039494
5.919383910522592 -0.05413163
5.926150680677667 0.008701182
5.932929419498454 -0.03259906
5.939727212088058 0.1432041
5.946537063873539 0.05232969
5.9533660927224865 0.05164326
5.9602072721680965 -0.008101805
5.967067753070802 -0.00576128
5.973940476851877 -0.01386474
5.980832627595083 -0.02051429
5.98773711438973 -0.03931506
5.994661154775557 -0.01584905
6.001597625287852 0.003467963
6.008553777157161 -0.03755553
6.015522454140664 -0.004982801
6.022510941396753 0.001758905
6.029512049678356 0.007563264
6.036533098310978 -0.0521393
6.043566864815078 -0.03654521
6.05062070292481 -0.05652078
6.0576873566978335 0.05556286
6.064774214520768 0.0008037495
6.071873986756027 -0.02614326
6.078994096688833 -0.03002273
6.086127220751746 0.04827933
6.093280817377061 0.00776146
6.100447528830715 0.03707658
6.107634848942921 0.03954163
6.114835385574003 0.1358097
6.122056668205343 0.08102228
6.1292912700504445 0.05980515
6.13654675649753 -0.006181707
6.1438156658698135 -0.008167222
6.151105599720494 -0.01581669
6.158409061236757 0.01059799
6.165733688397384 -0.008527605
6.173071949005487 0.04462232
6.180431517728567 0.02329631
6.1878048267352765 0.03205505
6.195199587647515 -0.01460341
6.202608196746732 0.02896973
6.210038402877483 0.03506971
6.217482566178885 0.002500304
6.2249484729890145 -0.04206021
6.2324284470471065 -0.03077528
6.23993031245827 -0.02724915
6.247446356301862 0.01597767
6.254984440726204 -0.01447913
6.262536815888306 0.0001325013
6.2701113822585945 -0.004163769
6.27770035280676 0.02454279
6.285311666606956 -0.001207006
6.292937499174052 -0.02496613
6.30058582847033 -0.04371084
6.308248792285768 0.01545176
6.315934407757989 0.0288098
6.323634774679408 0.01494686
6.331357949653041 -0.01586148
6.33909599419846 0.03253878
6.346857004676998 0.04191941
6.354633004057433 0.008751221
6.362432128755267 -0.02518792
6.370246362907839 -0.02526896
6.378083883283617 0.000524728
6.385936634905146 0.001070982
6.393812835195638 -0.009551438
6.401704389776733 -0.007854487
6.409619557031193 0.05494662
6.417550202890849 -0.09679438
6.425504627005882 -0.0784298
6.433474655326596 -0.06218831
6.441468629081556 -0.02116481
6.449478333944959 0.01264566
6.457512153037872 0.04905908
6.465561831460907 0.03463857
6.473635794544926 0.06404594
6.481725746516558 0.04208975
6.489840155236977 0.1296884
6.497970683755463 -0.0685775
6.506125842787276 -0.04739872
6.514297253897992 -0.07299142
6.522493470984036 -0.06936589
6.530706073817876 -0.03515465
6.538943659807534 -0.01887328
6.547197766619897 -0.06731524
6.555477035508397 -0.07991973
6.563772961718764 -0.1407525
6.57209423068708 -0.009561342
6.5804322949191825 -0.01384158
6.588795884374538 -0.01734948
6.597176408497163 0.01732923
6.605582642114156 0.01682791
6.6140059512825555 -0.03780056
6.622455156044912 -0.01548424
6.630921578742857 -0.147712
6.6394140849858285 -0.1242874
6.647923953068316 -0.01614156
6.6564600945217345 -0.01605154
6.665013743258338 -0.05883658
6.673593857090326 -0.03593897
6.682191625209235 -0.0397694
6.690816052070606 -0.03883486
6.6994582818033335 -0.03674312
6.70812736587267 -0.02920883
6.716814402999461 -0.01002466
6.725528492028903 -0.04930606
6.734260685924856 -0.03901283
6.743020131286602 0.001015978
6.751797834968507 0.01637054
6.7606029917020365 -0.007059175
6.769426561875943 -0.001067727
6.778277788735994 -0.01223527
6.78714758584554 -0.008818256
6.796045245350825 -0.04663929
6.804961633626308 0.0003650629
6.81390609210902 -0.001151471
6.822869439617264 -0.02581563
6.831861067273336 -0.01111457
6.840871745968333 0.0262946
6.8499109169085255 -0.007288632
6.858969302682886 -0.09142717
6.868056394984671 -0.1235873
6.877162867721899 -0.01836874
6.886298263482166 -0.01493244
6.895453207109764 -0.01613632
6.904637292498387 -0.008841946
6.913841095041808 -0.01112743
6.923074260356054 -0.0201677
6.932327313993526 -0.002633814
6.941609953713345 -0.009673015
6.950912654831579 -0.02267448
6.960245167675787 -0.09945587
6.969597916926574 -0.04624565
6.97898070590994 -0.007082186
6.988383908267678 -0.004679386
6.997817380758941 0.003722642
7.007271445579078 0.02513128
7.016756013359903 0.03691555
7.026261354438349 0.07409106
7.035797433763244 0.0429174
7.045354469396742 0.03684455
7.054942481053953 -0.04853418
7.064551634101439 -0.02195218
7.074192003474843 0.01391391
7.083853701419817 0.02749684
7.093546858551838 0.04299062
7.103261533565751 0.05141915
7.1130079132213035 0.0325314
7.122776002228004 0.002227189
7.132576043959492 -0.01163257
7.142397988700727 -0.04547041
7.152252136914132 -0.04851808
7.1621283840161345 -0.05198139
7.17203708803819 -0.03505722
7.181968089079387 -0.01593587
7.191931803225869 0.003375317
7.201918014805703 -0.007096787
7.211937198450876 -0.0005778988
7.221979082259787 0.01232014
7.2320541999069965 0.01808956
7.2421522227975705 -0.01501668
7.2522837441510335 -0.03184442
7.262438378210361 -0.04622021
7.272626778248155 -0.04117887
7.282838500871391 -0.05897569
7.293084259919688 -0.04512785
7.3033535538848735 -0.03945887
7.313657157693419 -0.005427307
7.323984511237557 -0.01742802
7.3343464510564385 -0.03943103
7.344732357952876 -0.08221813
7.355153130610603 -0.04570094
7.365598090247728 -0.02783995
7.376078198230626 -0.02111733
7.386582715691908 -0.02094107
7.397122667224903 0.004165621
7.407687253370312 0.02412839
7.4182820594041186 0.02401771
7.428912734047896 -0.01708511
7.439573920722412 0.03233899
7.450260200337497 0.0867942
7.460977223874829 0.0731106
7.471730706870556 0.03297842
7.4825152325303845 0.02678441
7.493325320470791 -0.003100164
7.504172319809814 -0.01233245
7.515045120330902 -0.02122838
7.525955137781424 -0.02681619
7.536891198192351 -0.02306192
7.547864784531105 -0.01265776
7.558864658528289 0.01473963
7.569902370969122 -0.02471231
7.580966618729687 -0.04909419
7.592069021017884 -0.03864224
7.603198209294757 -0.01206474
7.614365871803013 -0.01107339
7.625560574021699 -0.002334839
7.636794073847798 -0.02067398
7.648054870204861 0.01439499
7.6593489247040045 0.01128724
7.670682268834402 0.01902804
7.682049201988728 0.01040787
7.693443954799478 -0.01642293
7.704872561407833 -0.03771312
7.716341127095083 0.02032437
7.727843885188969 0.01737738
7.739374999032578 -0.025957
7.750940576638976 -0.01830702
7.762546798454011 0.02436467
7.774187830597338 0.009681588
7.7858577679502945 -0.03284155
7.797562793773179 -0.03828369
7.80930916508333 0.01470058
7.821090979622929 0.009737618
7.832902262612148 0.0003164016
7.844749273968454 -0.001235965
7.8566383487231795 0.003244562
7.868563515044692 0.01965591
7.880518727264703 0.0001297024
7.892510323403504 -0.03593946
7.9045447179856065 -0.02392834
7.916609601105793 0.002047931
7.928717656778498 -0.002545816
7.940856500782174 -0.02271934
7.953038895927327 0.02019077
7.9652523830043815 0.06267989
7.97750980435955 0.03621776
7.989798625115452 0.00931092
8.00213176790297 -0.001073962
8.014496621488949 0.0312119
8.026906189547363 0.03591205
8.039347783792996 0.01110098
8.051834489710963 -0.02472185
8.064353541259248 0.01058973
8.076918106511934 0.01346213
8.089521884988033 0.006073142
8.10215849604493 0.01977881
8.114834648071794 0.05787289
8.127557132662863 0.0212499
8.140319572665783 0.0248676
8.153115509263976 0.06488024
8.16595173759204 0.03909205
8.178835137584365 -0.06245975
8.191752543539165 -0.05467252
8.204717548496035 0.01829268
8.217716904583266 0.01224777
8.230764292310656 -0.0494196
8.243846380869 -0.02184968
8.256976939089107 -0.004116065
8.270142552447176 0.04549414
8.28335707895696 0.05692736
8.296607019593267 0.062259
8.309906322426027 0.07214556
8.323241403132036 0.0392235
8.336626300722118 -0.05097648
8.350047344768445 -0.03434855
8.363518666119134 0.0302109
8.377026507424977 0.05795749
8.390585092279656 0.06777295
8.404180575585519 0.07715142
8.417827274602153 0.0057485
8.431511255645951 -0.02854705
8.445246930575003 -0.01312323
8.459020276271602 0.04733362
8.47284580013743 0.06490476
8.48670938876173 0.0440656
8.500625646047549 -0.005509598
8.514580367421173 -0.01584635
8.528588254257684 -0.01351407
8.542635009939357 0.02346062
8.556735434297106 0.03271767
8.570875137776818 -0.005869003
8.585069019662383 -0.03159835
8.599302596559419 0.02278003
8.613590868215507 0.005229031
8.62791925648043 -0.05377625
8.642302862589977 -0.06031922
8.656727012710672 -0.03998648
8.67120691060506 -0.00424181
8.685727785816901 -0.04629894
8.700304945688346 -0.07328889
8.714923522188629 -0.0428919
8.729598927306885 0.008657052
8.744316194473592 -0.02486404
8.759090841407025 -0.05806313
8.773907802022036 -0.1246749
8.788782700863234 -0.07926723
8.803700371340081 -0.04446989
8.818676545936045 -0.04732439
8.833695956552349 -0.07527442
8.848774444739405 -0.01733156
8.863896639874062 0.03633227
8.879078493717609 0.05549255
8.894304532092873 0.01862154
8.909590818132086 0.02215395
8.924921773060658 -0.07190132
8.940313572558244 -0.1452579
8.955750532195475 -0.04172362
8.971248941392624 0.02833289
8.986793008993983 0.01299469
9.002399139370642 0.02674259
9.018051433554547 0.07379295
9.03376641209513 0.001468251
9.0495280671113 -0.007279858
9.065353036575978 0.02666005
9.08122520257943 0.03116427
9.097161321781153 0.06755342
9.113145165111964 0.02442458
9.129193609199307 -0.005299301
9.14529031266833 0.05808779
9.161452273414382 0.05548421
9.177663036595012 0.1632935
9.19393972269239 0.2214963
9.210265762218569 0.0801786
9.22665839958074 -0.06457508
9.24310094945133 -0.07973105
9.25961078152041 -0.01152128
9.276171093410115 0.01031643
9.292799381471273 -0.02318498
9.309478725048269 0.03384752
9.326226748550939 -0.006251729
9.343026411801363 0.005791126
9.359895468687407 0.04477939
9.37681675824691 0.06425609
9.393808165285934 0.04086887
9.410852406778448 0.07247183
9.427967499910434 0.02286809
9.44513603829436 0.03633146
9.462376172979805 0.07393201
9.479670372901795 0.1199958
9.497036924479561 0.04600221
9.514458170636098 0.0350068
9.531952534689157 0.03862202
9.549502232196147 0.04134332
9.567125824925423 0.06261333
9.58480539969597 0.09018476
9.602559658302518 0.07943544
9.62037055743313 0.0402433
9.638256940508823 -0.01336267
9.656200632674265 -0.06707551
9.674220620601252 -0.04349741
9.69229859645824 0.0323799
9.710453691817388 0.02597355
9.728667464417398 -0.02179009
9.74695919240595 0.04265473
9.765310297617363 0.05100387
9.783740206476054 -0.03258483
9.802230203415881 -0.07960282
9.820799864865794 -0.1067661
9.839430336341247 -0.06432544
9.858141346030619 -0.00106799
9.876913898990777 0.01795443
9.895767876952064 0.06189201
9.914684142949916 0.1025927
9.933682734067366 0.02887389
9.95274436973251 -0.09562372
9.971889244220543 -0.1274137
9.991097931742816 -0.01379913
10.010388781477417 0.05982198
10.029750245177244 0.03307195
10.049188769187419 0.0113129
10.06870075901894 -0.05104247
10.08829070257076 -0.033424
10.10795600249343 0.01056542
10.127698120056163 0.07517301
10.147517506243512 0.07445542
10.16741461557717 -0.01036957
10.187389906150708 -0.01438346
10.20744383966474 0.08886167
10.227576881462486 0.02983235
10.247788450393992 -0.03683022
10.268082169711478 0.04819377
10.28845430686529 0.08737504
10.30890956787422 0.03320311
10.329444194299736 0.07093973
10.350062933557668 -0.01333769
10.370762001071716 -0.09650614
10.39154618621422 -0.1405249
10.412411678019492 -0.09852677
10.433363308386118 -0.02577644
10.454397239704589 0.007249039
10.475517249615233 -0.001296672
10.496722765701707 0.01393184
10.518014308285943 0.04379386
10.539392401920152 0.08814851
10.56085757542987 -0.01119871
10.58241036195759 -0.02435767
10.604051299006889 0.0898252
10.625782057559436 0.09166991
10.647599796758614 0.03526805
10.66950959306277 -0.001496105
10.691507457647196 -0.02735385
10.713598513466778 0.05506011
10.73577874332986 0.123613
10.758052159985576 0.07503416
10.780418189670247 0.006087378
10.802877411215741 -0.05591832
10.825430408287604 -0.08820263
10.848077769435607 -0.082405
10.870820088144956 -0.05710062
10.89365796288814 -0.02477146
10.916591997177406 -0.04259938
10.939622799617943 -0.03020694
10.962750983961715 -0.02591306
10.985977169161968 0.03511995
11.009301979428459 0.004494718
11.032726044283377 -0.1024574
11.05624999861797 -0.09703681
11.079874482749911 0.008848159
11.103600142481397 0.07426333
11.127427629158001 0.147522
11.151357599728264 0.1869993
11.175390716804088 0.2487816
11.199527648721887 0.3604181
11.22376906960454 0.5031221
11.248115659424156 0.5637898
11.272568104065645 0.698117
11.297127095391135 0.9008279
11.321793331305225 1.170762
11.346567515821086 1.337227
11.371450359127458 1.445459
11.396442577656499 1.590568
11.421544894152545 1.817635
11.446758037741793 2.080795
11.472082744002883 2.403612
11.497519755038445 2.776104
11.523069819547574 3.182641
11.548733692899308 3.577834
11.574512137207044 3.955471
11.600405921404 4.411644
11.626414469584368 4.945116
11.65254261975726 5.445478
11.678785742631796 5.966123
11.70515007875225 6.563202
11.731630964185207 7.053979
11.758234703300936 7.295542
11.784956597183347 7.463727
11.81180301503359 7.482137
11.838769222609587 7.369953
11.865861654969695 7.071915
11.893076956651994 6.678715
11.920415965299192 6.215989
11.94788380874162 5.841978
11.975475662899461 5.569654
12.00319813211032 5.29274
12.031046355741918 5.013169
12.059027007758658 4.766591
12.087135190618351 4.598768
12.115377649042467 4.357689
12.143749448218385 4.166502
12.172257404779778 4.100482
12.200896546280015 4.119273
12.22967376244568 4.129631
12.258584042829531 4.08859
12.28763284159865 4.083724
12.316819639513785 4.062307
12.346145422283854 3.9812
12.375611185027886 3.93645
12.405217932387593 4.031343
12.434966678641539 4.009964
12.464858447820982 3.954044
12.494894273827356 3.896821
12.525075200551504 3.738615
12.555402281994585 3.503798
12.585876582390798 3.331372
12.616499176331853 3.259164
12.647271148893287 2.987379
12.678193595762643 2.715199
12.709267623369495 2.562902
12.740494349017434 2.360027
12.77187490101797 2.336397
12.80341041882644 2.169189
12.835102053179936 1.971123
12.86695096623725 1.925754
12.898958331720962 1.873554
12.93112533506162 1.750397
12.963453173544082 1.747602
12.995943056456065 1.590203
13.028596205238955 1.389205
13.06141385364085 1.294101
13.094397247871965 1.402013
13.127547646762372 1.42859
13.16086632192216 1.328981
13.194354557904019 1.394831
13.228013652368329 1.445389
13.261844916250785 1.445813
13.295849673932581 1.342217
13.330029263413241 1.305188
13.364385036486107 1.324716
13.398918358916557 1.171864
13.433630610622993 1.094837
13.468523185860636 1.164266
13.503597493408218 1.2258
13.538854956757573 1.127644
13.574297014306222 1.142202
13.609925119552985 1.125647
13.645740741296677 1.124982
13.681745363837972 1.12616
13.717940487184427 1.185529
13.754327627258823 1.240682
13.790908316110787 1.327248
13.827682190083616 1.33412
13.8646565502738 1.484302
13.901825309663158 1.587539
13.939197776865226 1.675566
13.976767816535355 1.752831
14.014544855232554 1.711372
14.052522708876698 1.645902
14.090710924274546 1.624183
14.129103268202877 1.659687
14.167709410079247 1.714767
14.206523067131503 1.681136
14.245554033813818 1.747913
14.284795977401455 1.762998
14.324256768032269 1.625751
14.363936178158774 1.51275
14.403836029611407 1.561006
14.443960250799146 1.555751
14.484304445595141 1.54602
14.524878866141476 1.549215
14.565677001742783 1.427255
14.606709241328984 1.289277
14.647969022475113 1.407484
14.689466873709804 1.433642
14.731196180495456 1.416977
14.773165431383816 1.310481
14.815374506740625 1.142004
14.857825468095792 1.117019
14.900520400674994 1.304538
14.943461413741112 1.350459
14.986650640941582 1.368562
15.030090240661805 1.37733
15.073782396384702 1.269495
15.117729317056577 1.022668
15.161933237459374 1.192813
15.206396418589515 1.279577
15.251121148043397 1.275242
15.296109740409722 1.427652
15.341364537668804 1.514098
15.386887909598956 1.428792
15.432682254190166 1.53188
15.478749998065156 1.554343
15.525093596908022 1.589282
15.571715535900589 1.653323
15.61861833016666 1.748
15.665804525224296 1.965781
15.713276697446359 2.24722
15.761037454529406 2.162327
15.809089435971213 2.118656
15.857435313556996 2.016984
15.906077791854655 1.743311
15.9550196087191 1.56542
16.00426353580594 1.680717
16.053812379094726 1.597123
16.103668979421926 1.707064
16.15383621302387 1.820849
16.20431699208986 1.666242
16.255114265325727 1.678898
16.306231018527953 2.002177
16.35767027516873 2.090861
16.40943509699207 2.323239
16.461525874802525 2.746147
16.513953878178214 3.026823
16.566711413354195 3.214391
16.619812644852054 3.933767
16.673249821471178 4.435537
16.727037332238268 4.413146
16.78117018455931 4.504028
16.835654549204307 5.157662
16.890493861150006 5.637676
16.94569160027486 5.692591
17.001251292095098 5.646923
17.05717650851537 5.527871
17.113470868594213 5.698869
17.170135091188868 5.769373
17.227181736431014 5.652484
17.28460273760452 5.828644
17.34241382121012 5.986696
17.400606863564974 5.452613
17.45919785461377 4.978838
17.518178613947693 4.910427
17.577565401726467 4.775867
17.637349981110397 5.038456
17.69754888947881 5.000615
17.75815383391438 4.818778
17.819178461032397 4.693469
17.880623947948788 4.609066
17.942494663453523 4.160003
18.004795037014258 3.97673
18.067529559833424 3.861847
18.13070278592753 3.755169
18.19431933322914 3.554758
18.25838388471218 3.550592
18.322901189541067 3.421527
18.38787944538478 3.226956
18.453313393913103 3.158501
18.51921813342578 3.00057
18.585595308698373 2.647104
18.65245001796231 2.399669
18.719787433069737 1.993409
18.787612800827258 1.933657
18.855931444358692 1.980483
18.924748764497778 1.837383
18.994070241211396 1.963036
19.063901435054245 2.108585
19.134247988655687 2.34215
19.20511562823966 2.601725
19.276510165178486 2.174586
19.348437497581447 1.130599
19.420903611919076 0.7414278
19.4939145846841 1.037389
19.567476584089956 1.177331
19.641595871807944 1.277304
19.716278804743972 1.157172
19.791531836856027 1.133748
19.867361521013407 1.096337
19.943774510898876 1.335085
20.020777562954834 1.17208
20.098377538374837 0.5857066
20.17658140514152 0.3696798
20.255396240112326 0.452871
20.33482923115434 0.7921429
20.41488767932948 1.324319
20.49557900113156 0.9248539
20.576910730776635 -0.2372147
20.65889052254804 0.1665578
20.741526153197743 1.288813
20.82482552440555 1.498066
20.908796665297835 1.34612
20.993447735027424 1.271097
21.078787025416382 1.806699
21.164822963663596 2.25703
21.25156411511887 1.880426
21.33901918612554 1.352522
21.427197026933555 0.765084
21.516106634685126 1.070374
21.60575715647494 1.039298
21.696157892487296 0.6416724
21.787318299212213 0.7863618
21.87924799274309 0.8238956
21.971956752158086 0.6367445
22.065454522987903 0.6009713
22.159751420772466 0.8834259
22.25485773470919 1.645963
22.350778935821303 1.696056
22.447535619749523 0.5534447
22.54513366671574 -0.08676235
22.64358409895065 0.459502
22.74289813205755 0.3978701
22.843087179271635 0.6195822
22.944162855832417 0.7784953
23.046136983472692 0.9158729
23.149021595027776 0.3070416
23.252828939168737 -0.7299278
23.35757148526359 -1.129844
23.463261928370414 -0.7420591
23.569913194366695 -1.409111
23.677538445219174 -1.78393
23.786151084398735 -2.349945
23.895764762445037 -1.387187
24.006393382685676 1.044196
24.118051107115015 1.218944
24.230752362437777 1.105163
24.344511846282913 -0.2499034
24.45934453359332 -1.075611
24.5752656831973 -2.070354
24.692290844567708 -0.7213133
24.810435864775187 0.8067462
24.929716895641963 -0.7752226
25.050150401103007 -1.745541
