wavelength      transmission
     7.012988993        95.28846659
     7.030848007        95.37748216
     7.048707021         95.3972634
     7.066566035        95.47638835
     7.084425049        95.50606021
     7.102284063        95.62474764
     7.126096082        95.67420074
     7.143955096        95.72365383
      7.16181411        95.81266941
     7.179673124        95.84234127
     7.197532138        95.93135684
     7.215391153        95.95113808
     7.233250167        96.02037241
     7.251109181        96.07971613
     7.268968195        96.09949737
     7.286827209        96.13905984
     7.304686223         96.2181848
     7.328498242        96.26763789
     7.346357256        96.26763789
      7.36421627        96.30720037
     7.382075284        96.37643471
     7.399934298        96.40610656
     7.417793312         96.4258878
     7.435652326        96.45555966
      7.45351134         96.4258878
     7.471370354        96.45555966
     7.489229368         96.4753409
     7.507088382        96.55446585
     7.524947396        96.58413771
     7.542806411        96.64348143
     7.560665425        96.66326266
     7.578524439         96.6830439
     7.596383453         96.7819501
     7.614242467        96.81162195
     7.632101481        96.88085629
     7.649960495        96.95998124
     7.667819509        96.97976248
     7.685678523        97.02921558
     7.702049286        97.05888743
     7.721396551        97.09844991
     7.739255565        97.12812177
     7.757114579        97.21713734
     7.774973593         97.2468092
     7.792832608        97.26659044
     7.810691622         97.2962623
     7.828550636        97.33582477
      7.84640965        97.36549663
     7.864268664        97.38527787
     7.882127678        97.39516849
     7.899986692        97.42484035
     7.917845706        97.46440282
      7.93570472        97.49407468
     7.953563734        97.52374654
     7.971422748        97.58309025
     7.983328758        97.59298087
     8.013093781        97.65232459
     8.032441046        97.68199645
     8.048811809        97.72155892
     8.066670823        97.79079326
     8.084529837         97.8105745
     8.102388851        97.84024636
     8.120247865        97.86991821
      8.13810688        97.92926193
     8.155965894        97.91937131
     8.173824908        97.92926193
     8.191683922        97.94904317
     8.209542936        97.97871503
      8.22740195        98.03805874
     8.245260964         98.0677306
     8.263119978         98.0677306
     8.280978992        98.10729308
     8.298838006        98.13696493
      8.31669702        98.13696493
     8.334556034        98.15674617
     8.352415048        98.20619927
     8.370274062        98.21608989
     8.388133077        98.25565236
     8.405992091        98.23587113
     8.423851105        98.24576175
     8.441710119         98.2754336
     8.458080882         98.2976875
     8.477428147         98.3248867
     8.495287161        98.35455856
     8.514634426        98.34219528
     8.531005189        98.36444918
     8.548864203         98.3743398
     8.572676222        98.38423041
     8.590535236        98.40401165
     8.614347255        98.41390227
     8.632206269        98.44357413
     8.650065283        98.42379289
     8.667924297        98.47324599
     8.685783311        98.48313661
     8.703642325        98.50291785
     8.721501339        98.50291785
     8.739360353        98.50291785
     8.757219367        98.49302723
     8.775078381        98.49302723
     8.792937395        98.48313661
      8.81079641        98.45346475
     8.834608428        98.43368351
     8.852467442        98.42379289
     8.870326456        98.35455856
     8.888185471        98.31499608
     8.906044485        98.24576175
     8.923903499        98.15674617
     8.941762513        98.04794936
     8.959621527        98.00838688
     8.974504039        97.90453538
     9.013198569         97.7611214
     9.042963592        97.66221521
     9.060822607        97.59298087
     9.078681621        97.52374654
     9.096540635         97.5039653
     9.114399649        97.49407468
     9.132258663         97.4545122
     9.150117677         97.5039653
     9.167976691        97.51880123
     9.185835705        97.58309025
     9.203694719        97.67210583
     9.221553733        97.71166831
     9.239412747        97.85013697
     9.257271761        97.91937131
     9.275130775        97.99849626
     9.292989789        98.10729308
     9.310848804        98.13696493
     9.328707818        98.23587113
     9.346566832        98.26554298
     9.364425846         98.3248867
      9.38228486        98.39412103
     9.400143874        98.45346475
     9.418002888        98.48313661
     9.435861902        98.48313661
     9.453720916        98.50291785
      9.47157993        98.52269908
     9.489438944         98.5325897
     9.507297958         98.5325897
     9.525156972         98.5325897
     9.543015986        98.55237094
     9.560875001        98.52269908
     9.578734015        98.52269908
     9.596593029        98.54248032
     9.614452043         98.5325897
     9.632311057        98.54248032
     9.650170071        98.57215218
     9.668029085         98.5325897
     9.685888099         98.5325897
     9.703747113        98.52269908
     9.727559132        98.47324599
     9.745418146        98.47324599
      9.76327716        98.47324599
     9.781136174        98.46335537
     9.798995188        98.47324599
     9.816854202        98.46335537
     9.834713216        98.47324599
      9.85257223        98.46335537
     9.870431244        98.48313661
     9.888290258        98.46335537
     9.906149273        98.47324599
     9.924008287        98.45346475
     9.941867301        98.44357413
     9.959726315        98.44357413
     9.977585329        98.44357413
     9.989491338        98.45346475
     10.01925636        98.39412103
     10.03711538        98.38423041
     10.05497439        98.39412103
      10.0728334        98.34466794
     10.09069242        98.34219528
     10.10855143        98.31499608
     10.12641045        98.30510546
     10.14426946        98.28532422
     10.16212847         98.2754336
     10.17998749        98.25565236
      10.1978465        98.24576175
     10.21570552        98.21608989
     10.23356453        98.19630865
     10.25142354        98.18641803
     10.26928256        98.13696493
     10.28714157        98.13696493
     10.30500059        98.08751184
      10.3228596        98.05783998
     10.34071861        98.04794936
     10.35857763        98.00838688
     10.37643664        97.97871503
     10.39429566        97.95893379
     10.41215467        97.89959007
     10.43001369        97.87980883
      10.4478727        97.82046512
     10.46573171        97.77101202
     10.48359073        97.77101202
     10.50144974         97.7611214
     10.51930876        97.71166831
     10.53716777        97.69188707
     10.55502678        97.65232459
      10.5728858        97.59298087
     10.59074481        97.56330902
     10.60860383        97.52374654
     10.62646284        97.47429344
     10.64432185        97.40505911
     10.66218087        97.38527787
     10.68003988        97.31604354
      10.6978989        97.27648106
     10.71575791        97.28637168
     10.73361692        97.20724672
     10.75147594        97.17757487
     10.76933495        97.14790301
     10.78719397        97.10834053
     10.80505298        97.04899682
     10.82291199        97.01932496
     10.84077101        96.97976248
     10.85863002        96.89074691
     10.87648904        96.87096567
     10.89434805        96.80173133
     10.91220707        96.75227824
     10.93006608        96.72260638
     10.94792509         96.6830439
     10.96578411        96.62370019
     10.98364312        96.58413771
     11.01936115         96.4753409
     11.03722016        96.44566904
     11.05507918        96.36654409
     11.07293819        96.32698161
     11.09079721        96.28741913
     11.10865622        96.23796604
     11.12651523        96.19840356
     11.14437425        96.14895046
     11.16223326        96.08960675
     11.18009228        96.04015365
     11.19795129        95.98080994
      11.2158103        95.95113808
     11.23366932        95.92146622
     11.25152833        95.87201312
     11.26938735        95.85223189
     11.28426986        95.79783348
     11.30510537        95.75332569
     11.32296439         95.7038726
      11.3408234         95.6544195
     11.35868242        95.62474764
     11.37654143        95.54562269
     11.39440045        95.51595083
     11.41225946        95.48627897
     11.43011847         95.4467165
     11.44797749        95.38737278
      11.4658365         95.3478103
     11.48369552        95.32802906
     11.50155453        95.25879473
     11.51941354        95.21923225
     11.53727256        95.16977916
     11.56108458        95.12032606
     11.57894359        95.08076358
      11.5968026        95.05109173
     11.61466162        95.01152925
     11.63252063        94.93240429
     11.65037965        94.93240429
     11.66823866        94.92251367
     11.68609767        94.86316996
     11.70395669        94.82360748
      11.7218157        94.78404501
     11.73967472        94.74448253
     11.75753373        94.67524819
     11.77539275        94.65546695
     11.79325176        94.61590448
     11.81111077        94.54667014
     11.82896979        94.49721705
      11.8468288        94.43292802
     11.86468782        94.38842023
     11.88254683         94.3191859
     11.90040584         94.2697328
     11.91826486        94.23017033
     11.93612387        94.16093599
     11.95398289        94.13126413
      11.9718419        94.07192042
     11.98970091        94.03235794
     12.02541894        93.90377989
     12.04327796        93.87410803
     12.06113697        93.78509246
     12.07899598        93.72080344
       12.096855        93.68618627
     12.11471401        93.61695193
     12.13257303        93.56749884
     12.15043204        93.50815512
     12.16829105        93.47848326
     12.18615007        93.42903017
     12.20400908        93.35979583
      12.2218681        93.32023336
     12.23823886        93.23121778
     12.25758613        93.21143654
     12.27544514        93.08285849
     12.29330415        93.06307725
     12.31116317        92.96417106
     12.32902218        92.91471797
     12.34539294        92.80839381
     12.36474021        92.79603053
     12.38259922        92.68723372
     12.40045824        92.65756187
     12.41831725        92.58832753
     12.43617627        92.53887443
     12.45403528        92.49931196
     12.47189429          92.420187
     12.48975331        92.36084329
     12.50761232        92.29160895
     12.52547134        92.24215586
     12.54333035        92.17292152
     12.56118936        92.08390595
     12.57904838        92.01467161
     12.59690739        91.96521852
     12.61476641        91.85642171
     12.63262542        91.82674985
     12.65048443        91.74762489
     12.66834345        91.67839056
     12.68620246        91.58937499
     12.70406148        91.57948437
     12.72192049        91.46574224
     12.73977951         91.4410157
     12.75763852         91.3421095
     12.77549753        91.28276579
     12.79335655        91.19375022
     12.81121556        91.17396898
     12.82907458        91.06517216
     12.84693359        91.02560969
      12.8647926        90.93659411
     12.88265162        90.89703164
     12.90051063        90.80801606
     12.91836965        90.77834421
     12.93622866        90.65965678
     12.95408767        90.62998492
     12.97194669        90.55085996
      12.9898057        90.51129749
     13.02552373        90.37282882
     13.04338274        90.27392262
     13.06124176        90.23436015
     13.07910077        90.14534457
     13.09695979         90.1057821
      13.1148188         90.0068759
     13.13267781        89.96731343
     13.15053683        89.87829785
     13.16839584        89.80906352
     13.18625486        89.72993856
     13.20411387        89.68048547
     13.22197289        89.60136051
      13.2398319        89.57168866
     13.25769091        89.48267308
     13.27554993        89.44311061
     13.29340894        89.34420441
     13.31126796        89.29475132
     13.32912697        89.20573574
     13.34698598        89.15133734
       13.364845        89.05737646
     13.38270401         88.9782515
     13.40056303        88.91890779
     13.41842204        88.82000159
     13.43628105        88.79032974
     13.45414007        88.69142354
     13.47199908        88.66175169
      13.4898581        88.58262673
     13.50771711         88.5133924
     13.52557612        88.45404868
     13.54343514        88.40459558
     13.56129415        88.33536125
     13.57915317        88.27601753
     13.59701218        88.17711134
     13.61487119        88.12765825
     13.63273021        88.04853329
     13.65058922         87.9990802
     13.66844824        87.89028338
     13.68630725        87.83093967
     13.70416626        87.74192409
     13.72202528        87.62323666
     13.73988429        87.59356481
     13.75774331        87.49465861
     13.77560232        87.46498676
     13.79346134        87.35618994
     13.81132035        87.30673685
     13.82917936        87.22761189
     13.83513237        87.13365101
     13.85299138        87.08914322
      13.8708504        87.03969013
     13.88870941        86.93089332
     13.90656842        86.88144022
     13.92442744        86.76275279
     13.94228645        86.67373721
     13.96014547        86.62428412
     13.97800448        86.54515916
     13.99288699          86.510542
     14.01950523        86.49815043
     14.03753453        86.33745616
     14.05539354        86.25833121
     14.07325256        86.18415156
     14.09111157        86.12975316
     14.10897058        86.07040944
      14.1268296        85.97150325
     14.14468861        85.91215953
     14.16254763        85.80336272
     14.18040664        85.75390962
     14.19826565        85.67478467
     14.21612467          85.536316
     14.23398368        85.43740981
      14.2518427        85.39784733
     14.26821346        85.26432397
     14.28756072        85.18025371
     14.30541974        85.12090999
     14.32327875        85.00222256
     14.34113777        84.90331637
     14.35899678        84.84397265
     14.37685579        84.72528522
     14.39471481        84.60659779
     14.41257382        84.51758222
     14.43043284         84.4582385
      14.4468036        84.31482452
     14.46466261        84.19613709
     14.48400988        84.08239497
     14.50186889         83.9933794
      14.5137749         83.8944732
     14.53163392        83.83512949
     14.54949293        83.71644206
     14.56735195        83.57797339
     14.58521096        83.45928596
     14.59711697        83.34059853
     14.61497598         83.2763095
       14.632835        83.19223924
     14.65069401        83.07355181
     14.66855302        82.95486437
     14.68641204        82.88563004
     14.70427105         82.8163957
     14.72213007        82.68781765
     14.73850083        82.53451306
      14.7578481        82.43066155
     14.77570711         82.3020835
     14.79356612        82.20317731
     14.80547213         82.0943805
     14.82333115        82.01525554
     14.83970191        81.88915015
     14.85904917        81.71853697
     14.87541994        81.58501361
     14.88434944        81.43665432
     14.90072021        81.36247467
     14.91461055          81.224006
     14.93048523        81.09542795
     14.94834425        80.97674052
     14.96620326        80.82838123
     14.98406227        80.69980318
     15.00192129        80.53166266
      15.0168038         80.5019908
     15.02771764        80.27450656
     15.04359232        80.22505346
     15.04359232        80.05691293
     15.05996308        80.10142072
     15.07931035        79.96789736
     15.09716936        79.83931931
     15.10907537        79.72063188
     15.12693439        79.65634285
       15.140031        79.54655698
     15.15669941        79.49314763
     15.17455842        79.38435082
     15.19241744        79.24588215
     15.20432345        79.12719472
     15.22218246        79.00850729
     15.22962372         78.8329488
     15.25343574        78.64008172
     15.26583783        78.57332004
      15.2757595        78.44474199
     15.29361852        78.33594518
     15.30998928        78.20242182
     15.31891879        78.04664457
     15.33528955        77.97988289
     15.33528955        77.85130484
     15.35314856        77.76228926
     15.36505457        77.64360183
     15.37993709        77.54964095
      15.3948196         77.3938637
     15.40791621        77.26182393
     15.42458462        77.14907087
     15.43768123        76.94730224
     15.45434964        76.85235229
     15.47220866        76.69410238
     15.49006767        76.55563371
     15.50792669        76.43694628
     15.52429745        76.30342292
     15.54364471        76.14022771
     15.56150373        76.00175904
     15.56894498        75.83609116
     15.58531575         75.7248217
     15.60168651        75.57646241
     15.61656902        75.41326719
     15.62996328         75.3687594
     15.63293978        75.24018135
     15.64603639        75.10764706
     15.66121656        74.99786118
     15.68056382         74.8544472
     15.69366043        74.69224105
     15.70884059        74.58245517
     15.71628185        74.43904119
     15.73265261        74.29315456
     15.75199988        74.18188509
     15.76985889        74.02363519
     15.77730015        73.87033059
     15.79367091         73.8258228
     15.79367091        73.67746351
     15.81152993        73.58844794
     15.82938894        73.44008865
      15.8457597        73.27689343
     15.85468921        73.10628025
      15.8670913        73.03457326
     15.88296598        72.87632335
     15.89606259        72.68642346
     15.91273101         72.5400423
     15.92612527         72.3867377
     15.94249603         72.2828862
     15.94249603        72.13452691
     15.95886679         72.0306754
     15.96630805        71.90704266
     15.97940466        71.76659587
     15.99458482         71.6152694
     16.00916968        71.41053358
     16.02186942        71.31360551
      16.0317911        71.19986339
     16.04816186        70.96248853
     16.05709137        70.81412924
     16.07197388        70.73994959
     16.08090339        70.56191845
     16.09429765        70.50257473
      16.0987624        70.33937951
     16.11513316        70.30476234
     16.12902351        70.06738748
     16.14489819        69.92891881
      16.1579948        69.71330331
     16.17069454        69.59263776
     16.18656922        69.44922378
     16.19966583        69.27415982
     16.21335774        69.19701299
     16.21633424        69.06843494
     16.22824025        68.97941936
     16.24461102        68.88545848
     16.25205227        68.75193512
     16.26395828        68.64066565
     16.27705489        68.47895403
      16.2907468        68.45521654
     16.29372331        68.30685725
     16.30562931        68.20795106
     16.32348833        68.08926363
     16.33539434        67.95079496
     16.35325335        67.85188877
     16.36515936        67.73320134
     16.38301838        67.61451391
     16.39492438        67.47604524
     16.41129515        67.40186559
     16.43064241        67.27823285
     16.44850143        67.17932666
     16.46636044        67.10020171
     16.48421946        67.02107675
     16.50207847         66.8924987
     16.51993748        66.74413941
      16.5377965        66.62545198
     16.55565551        66.46720207
     16.57351453        66.30895216
     16.58542054         66.1704835
     16.59931088        66.11113978
     16.61072081        65.96278049
     16.62709157        65.88365554
     16.64495058        65.74518687
      16.6628096        65.61660882
     16.67025085        65.45094094
     16.68066861        65.45835891
     16.68662161          65.300109
     16.70448063        65.18142157
     16.71757724         65.0014123
     16.73027698        64.86492175
     16.74168691        64.71656246
     16.75656942        64.56820318
     16.76401068        64.41984389
     16.78038144         64.2714846
     16.78782269        64.13301593
      16.7997287        63.96734806
     16.81758772        63.83629735
     16.82502897        63.67062948
     16.84139974        63.55936001
     16.84735274        63.41100072
     16.86044935        63.25670706
     16.87562951        63.12911807
     16.88307077          62.936251
     16.90092978        62.80767295
     16.90688279        62.64942304
      16.9199794        62.52084499
     16.93664781         62.3724857
     16.94260082        62.19445455
     16.96045983        62.09554836
     16.96641284        61.93729845
     16.97831884        61.81613837
     16.99022485        61.65294315
     17.00213086        61.50211121
     17.01403687        61.27462696
      17.0438019          60.987799
      17.0497549        60.80976786
     17.06463741        60.72569759
     17.07356692        60.53283052
     17.08547293        60.38447123
     17.09737894        60.19160415
     17.11523795        60.04819018
     17.13309697        59.83059655
     17.13904997        59.66245602
     17.15095598        59.50173346
     17.16881499        59.34595621
     17.16881499        59.20748754
     17.18667401        59.08880011
     17.19977062         58.8890096
     17.21643903        58.73273781
     17.22953564         58.5329473
     17.24620406        58.35689428
      17.2600944        58.17886314
     17.27001607        58.03050385
     17.28489859        57.95137889
     17.29382809        57.73625792
     17.31168711        57.57553536
     17.32478372        57.39948234
     17.33748346        57.24914493
     17.35335814        57.14034811
      17.3697289        56.97220759
     17.37865841        56.81643033
      17.3910605        56.71505149
     17.40693518        56.57658282
      17.4247942        56.45789538
     17.43670021        56.33920795
     17.45455922        56.20073928
     17.47092998        56.06721592
     17.47837124        55.96336442
     17.49623025        55.86445823
     17.50932686        55.70225207
     17.52480468        55.59543339
     17.54385429        55.49850532
      17.5617133        55.38970851
     17.57957232        55.27102107
     17.59743133        55.12266179
     17.61529035         54.9743025
     17.63314936        54.85066976
     17.65100837        54.78638073
     17.66291438        54.68747454
      17.6807734        54.62813082
     17.69863241        54.46988091
     17.71649143        54.37592003
     17.73435044        54.32152163
     17.75220945        54.19788888
     17.77006847        54.08414676
     17.78792748        53.98524057
      17.8057865        53.90117031
     17.82364551        53.80720942
     17.84150452        53.65885014
     17.85936354        53.57972518
     17.87722255        53.50060023
     17.89508157        53.37202218
     17.90698758        53.25333475
     17.92484659        53.15442855
      17.9427056        53.05552236
     17.96056462        52.96650679
     17.97693538        52.86265528
      17.9947944        52.74396785
     18.03200067        52.46208521
     18.04985969        52.38296025
      18.0677187        52.26427282
     18.08557772        52.17525725
     18.10343673        52.06646043
     18.12129575          51.947773
     18.13320175        51.80930433
     18.15106077        51.70050752
     18.16743153        51.55709354
      18.1867788         51.4334608
     18.20463781        51.35433585
     18.22100857        51.21586718
     18.23440283        51.11696099
     18.25226185        51.03783603
     18.27012086         50.9191486
     18.28797988        50.80046117
     18.30583889        50.64221126
      18.3177449        50.52352383
     18.33411566        50.42956295
     18.34155692        50.32571145
     18.35941593        50.22680525
     18.37132194        50.10811782
     18.38918096        50.00921163
     18.40703997        49.86085234
     18.42489898        49.73227429
       18.442758        49.55424314
     18.45664834        49.43555571
     18.47252302         49.3267589
     18.48442903        49.17839961
     18.50079979        49.07949342
      18.5097293        48.93113413
     18.52610006        48.84211856
     18.53999041        48.70364989
     18.55586509        48.56023591
      18.5737241        48.43660317
     18.59158312        48.30802512
     18.60795388        48.17450176
     18.61539513        48.07065026
     18.63325415        47.95196282
     18.65111316        47.83327539
     18.65111316        47.69480672
     18.66748393         47.5810646
     18.68385469        47.46237717
      18.6987372        47.33874443
     18.71510796        47.22500231
     18.73445523        47.06180709
     18.74755184        46.86003846
     18.76124375        46.75025258
     18.77612626        46.60683861
     18.79398528        46.45847932
     18.81184429        46.32001065
      18.8237503         46.1419795
     18.83565631        45.99362021
     18.85351532        45.89471402
     18.86542133        45.74140942
     18.87881559        45.56337827
     18.89518635        45.42985491
     18.91304537        45.28149562
     18.92614198        45.07972699
     18.94281039        44.92543333
     18.95918116        44.73256626
     18.96662241        44.58915228
     18.98448143        44.47046485
     19.02019945        44.05505884
     19.03657022        43.90175424
     19.04401147         43.7286684
     19.06187049        43.61987159
      19.0737765        43.41216859
     19.08568251        43.27369992
     19.10354152        43.14512187
     19.10949452        42.97698134
     19.12735354        42.84840329
     19.14045015        42.64663465
     19.15711856        42.49234099
     19.16307157        42.37365356
     19.17497758        42.20304038
     19.18837184        42.06209906
      19.2017661        41.95824755
      19.2047426         41.8296695
     19.21664861        41.72087269
     19.22974522        41.55471029
     19.24244496         41.4142635
     19.25831964        41.28568544
      19.2657609        41.08292775
     19.27915516        41.00874811
     19.28213166        40.88017006
     19.29403767        40.74911935
     19.31189668         40.5933421
     19.31784969        40.44498281
      19.3297557        40.32629538
     19.34166171        40.17793609
     19.35356772        40.03699476
     19.37142673        39.71307698
     19.38779749          39.569663
     19.39523875        39.40646779
     19.40714476        39.28036239
     19.41905077        39.09985859
     19.43095678        38.93171806
     19.44286279        38.76110488
      19.4547688        38.60532763
     19.46667481         38.4371871
     19.47858081         38.2566833
     19.49346333         38.1305779
     19.49643983        37.97232799
     19.50834584         37.8190234
     19.52025185        37.62615632
     19.53215786        37.39867208
     19.53215786         37.5668126
     19.54406387        37.24784013
     19.55596988        37.05497306
     19.56787588        36.86952395
     19.57978189        36.66182094
      19.5916879         36.4615359
     19.60557825        36.26125086
     19.61549992        36.09063768
     19.62740593        35.92744246
     19.63931194        35.71973946
     19.65121795         35.5590169
     19.65865921        35.39334902
      19.6710613        35.17328274
     19.68098297        35.00019691
     19.69288898        34.85678293
     19.69884199        34.66886116
       19.710748        34.48835736
     19.72265401        34.28312701
     19.72860701         34.1248771
     19.74051302        33.93942799
     19.75241903        33.74656092
     19.76432504        33.57100242
     19.77027804        33.39297128
     19.78218405         33.2495573
     19.79409006        33.04185429
     19.79409006        32.87865908
     19.80897257        32.81931536
     19.81194908        32.66106545
     19.82385509        32.47067103
     19.83129634        32.27038599
      19.8446906        32.19620635
     19.84766711        32.02806582
     19.85957311         31.8104722
     19.87147912        31.62502309
     19.88189688        31.40990212
     19.88933814        31.27637876
     19.90124415        31.06125779
     19.91315016        30.83871885
     19.92505617        30.66810567
     19.93547392        30.46040267
     19.94291518        30.30709807
     19.95482119        30.10434037
      19.9667272         29.8620202
     19.97664887        29.71366091
